# z_start: 200
# Lbox_cMpc: 131.072
# Lbox_cMpc/h: 94.37183999999999
# dx_fin_kpc: 1
# levelmin: 10
# levelmax: 17
# FlagAMR: 1
# FlagZoom: 0
# k0: 0.05
# As: 2.1646544338903384e-09
# ns: 0.96
# h: 0.72
# bias8_z0_WMAP5: 1.26
# Omega_m: 0.26
# Omega_b: 0.044
# Omega_k: 0.0
# w0: -1
# wa: 0
# kmax: 24.543692606170257
# k_per_logint: 0
# sigma8_z0_WMAP5: 0.7936507936507936
# Omega_c: 0.21600000000000003
# Omega_l: 0.74
9.729076737130526453e-06 1.185571640625000000e+05 1.185571562500000000e+05 1.580759687500000000e+05 1.580758906250000000e+05 1.476063750000000000e+05 1.188451875000000000e+05 1.185571640625000000e+05 1.272771640625000000e+05 -6.071385145187377930e-01 1.181931250000000000e+05 1.181931171875000000e+05 7.096267938613891602e-01
1.074189094651956111e-05 1.185571562500000000e+05 1.185571484375000000e+05 1.580758906250000000e+05 1.580758125000000000e+05 1.476063125000000000e+05 1.188451796875000000e+05 1.185571562500000000e+05 1.272771484375000000e+05 -6.071384549140930176e-01 1.181931171875000000e+05 1.181931171875000000e+05 7.835000753402709961e-01
1.186014014820102602e-05 1.185571484375000000e+05 1.185571406250000000e+05 1.580758125000000000e+05 1.580757187500000000e+05 1.476062343750000000e+05 1.188451796875000000e+05 1.185571484375000000e+05 1.272771406250000000e+05 -6.071383953094482422e-01 1.181931093750000000e+05 1.181931093750000000e+05 8.650637865066528320e-01
1.309480194322532043e-05 1.185571406250000000e+05 1.185571328125000000e+05 1.580757187500000000e+05 1.580756093750000000e+05 1.476061250000000000e+05 1.188451640625000000e+05 1.185571406250000000e+05 1.272771250000000000e+05 -6.071383357048034668e-01 1.181931093750000000e+05 1.181931093750000000e+05 9.551184177398681641e-01
1.445799352950416505e-05 1.185571406250000000e+05 1.185571171875000000e+05 1.580756093750000000e+05 1.580754687500000000e+05 1.476060156250000000e+05 1.188451640625000000e+05 1.185571406250000000e+05 1.272771093750000000e+05 -6.071383357048034668e-01 1.181931015625000000e+05 1.181930859375000000e+05 1.054547786712646484e+00
1.596309630258474499e-05 1.185571328125000000e+05 1.185571093750000000e+05 1.580754687500000000e+05 1.580752968750000000e+05 1.476058593750000000e+05 1.188451484375000000e+05 1.185571171875000000e+05 1.272770937500000000e+05 -6.071381568908691406e-01 1.181930859375000000e+05 1.181930859375000000e+05 1.164327979087829590e+00
1.762488136591855437e-05 1.185571171875000000e+05 1.185570937500000000e+05 1.580752968750000000e+05 1.580750937500000000e+05 1.476056875000000000e+05 1.188451406250000000e+05 1.185571093750000000e+05 1.272770625000000000e+05 -6.071380376815795898e-01 1.181930781250000000e+05 1.181930703125000000e+05 1.285536408424377441e+00
1.945966323546599597e-05 1.185571093750000000e+05 1.185570781250000000e+05 1.580750937500000000e+05 1.580748437500000000e+05 1.476054687500000000e+05 1.188451093750000000e+05 1.185570937500000000e+05 1.272770390625000000e+05 -6.071379780769348145e-01 1.181930625000000000e+05 1.181930546875000000e+05 1.419362783432006836e+00
2.148544808733277023e-05 1.185570859375000000e+05 1.185570468750000000e+05 1.580748437500000000e+05 1.580745312500000000e+05 1.476052031250000000e+05 1.188450937500000000e+05 1.185570781250000000e+05 1.272770078125000000e+05 -6.071377396583557129e-01 1.181930468750000000e+05 1.181930312500000000e+05 1.567120671272277832e+00
2.372211929468903691e-05 1.185570625000000000e+05 1.185570234375000000e+05 1.580745468750000000e+05 1.580741562500000000e+05 1.476048906250000000e+05 1.188450703125000000e+05 1.185570625000000000e+05 1.272769687500000000e+05 -6.071375608444213867e-01 1.181930312500000000e+05 1.181930078125000000e+05 1.730260372161865234e+00
2.619163387862499803e-05 1.185570390625000000e+05 1.185569843750000000e+05 1.580741718750000000e+05 1.580737031250000000e+05 1.476044843750000000e+05 1.188450390625000000e+05 1.185570234375000000e+05 1.272769140625000000e+05 -6.071373224258422852e-01 1.181930000000000000e+05 1.181929765625000000e+05 1.910382986068725586e+00
2.891822805395349860e-05 1.185570156250000000e+05 1.185569453125000000e+05 1.580737187500000000e+05 1.580731406250000000e+05 1.476040000000000000e+05 1.188450000000000000e+05 1.185570000000000000e+05 1.272768515625000000e+05 -6.071370244026184082e-01 1.181929609375000000e+05 1.181929375000000000e+05 2.109256744384765625e+00
3.192866643075831234e-05 1.185569765625000000e+05 1.185568984375000000e+05 1.580731562500000000e+05 1.580724687500000000e+05 1.476034218750000000e+05 1.188449609375000000e+05 1.185569609375000000e+05 1.272767656250000000e+05 -6.071366071701049805e-01 1.181929296875000000e+05 1.181929062500000000e+05 2.328833103179931641e+00
3.525249849190004170e-05 1.185569296875000000e+05 1.185568359375000000e+05 1.580725000000000000e+05 1.580716406250000000e+05 1.476027031250000000e+05 1.188448984375000000e+05 1.185569062500000000e+05 1.272766718750000000e+05 -6.071361899375915527e-01 1.181928828125000000e+05 1.181928437500000000e+05 2.571267604827880859e+00
3.892234235536307096e-05 1.185568671875000000e+05 1.185567578125000000e+05 1.580716718750000000e+05 1.580706406250000000e+05 1.476018281250000000e+05 1.188448437500000000e+05 1.185568515625000000e+05 1.272765625000000000e+05 -6.071356534957885742e-01 1.181928281250000000e+05 1.181927812500000000e+05 2.838939666748046875e+00
4.297422856325283647e-05 1.185568046875000000e+05 1.185566718750000000e+05 1.580706718750000000e+05 1.580694062500000000e+05 1.476007656250000000e+05 1.188447578125000000e+05 1.185567812500000000e+05 1.272764296875000000e+05 -6.071349382400512695e-01 1.181927578125000000e+05 1.181927031250000000e+05 3.134475946426391602e+00
4.744792022393085063e-05 1.185567187500000000e+05 1.185565546875000000e+05 1.580694531250000000e+05 1.580679062500000000e+05 1.475994687500000000e+05 1.188446562500000000e+05 1.185566953125000000e+05 1.272762578125000000e+05 -6.071341037750244141e-01 1.181926718750000000e+05 1.181926093750000000e+05 3.460777997970581055e+00
5.238733137957751751e-05 1.185566250000000000e+05 1.185564218750000000e+05 1.580679687500000000e+05 1.580660937500000000e+05 1.475979062500000000e+05 1.188445390625000000e+05 1.185565937500000000e+05 1.272760468750000000e+05 -6.071331501007080078e-01 1.181925625000000000e+05 1.181924843750000000e+05 3.821047306060791016e+00
5.784094173577614129e-05 1.185565000000000000e+05 1.185562500000000000e+05 1.580661562500000000e+05 1.580638750000000000e+05 1.475959843750000000e+05 1.188443906250000000e+05 1.185564609375000000e+05 1.272758046875000000e+05 -6.071318984031677246e-01 1.181924296875000000e+05 1.181923359375000000e+05 4.218820095062255859e+00
6.386228778865188360e-05 1.185563515625000000e+05 1.185560468750000000e+05 1.580639375000000000e+05 1.580611562500000000e+05 1.475936406250000000e+05 1.188442031250000000e+05 1.185562968750000000e+05 1.272754921875000000e+05 -6.071304082870483398e-01 1.181922812500000000e+05 1.181921640625000000e+05 4.657999992370605469e+00
7.051046122796833515e-05 1.185561718750000000e+05 1.185557968750000000e+05 1.580612500000000000e+05 1.580578750000000000e+05 1.475907812500000000e+05 1.188439843750000000e+05 1.185561015625000000e+05 1.272751328125000000e+05 -6.071286201477050781e-01 1.181920859375000000e+05 1.181919453125000000e+05 5.142897129058837891e+00
7.785072375554591417e-05 1.185559453125000000e+05 1.185554921875000000e+05 1.580579843750000000e+05 1.580538437500000000e+05 1.475872968750000000e+05 1.188437265625000000e+05 1.185558750000000000e+05 1.272746718750000000e+05 -6.071263551712036133e-01 1.181918593750000000e+05 1.181916796875000000e+05 5.678269863128662109e+00
8.595512190368026495e-05 1.185556875000000000e+05 1.185551328125000000e+05 1.580539687500000000e+05 1.580489218750000000e+05 1.475830468750000000e+05 1.188433984375000000e+05 1.185555859375000000e+05 1.272741171875000000e+05 -6.071236729621887207e-01 1.181915781250000000e+05 1.181913671875000000e+05 6.269371509552001953e+00
9.490319644100964069e-05 1.185553515625000000e+05 1.185546796875000000e+05 1.580490937500000000e+05 1.580429531250000000e+05 1.475778750000000000e+05 1.188430078125000000e+05 1.185552343750000000e+05 1.272734375000000000e+05 -6.071203947067260742e-01 1.181912343750000000e+05 1.181909687500000000e+05 6.922002792358398438e+00
1.047827827278524637e-04 1.185549531250000000e+05 1.185541328125000000e+05 1.580431562500000000e+05 1.580356562500000000e+05 1.475715625000000000e+05 1.188425234375000000e+05 1.185548203125000000e+05 1.272726171875000000e+05 -6.071164011955261230e-01 1.181908203125000000e+05 1.181905000000000000e+05 7.642566204071044922e+00
1.156908547272905707e-04 1.185544687500000000e+05 1.185534609375000000e+05 1.580359218750000000e+05 1.580267812500000000e+05 1.475638593750000000e+05 1.188419296875000000e+05 1.185542968750000000e+05 1.272716171875000000e+05 -6.071115732192993164e-01 1.181903125000000000e+05 1.181899140625000000e+05 8.438131332397460938e+00
1.277344708796590567e-04 1.185538750000000000e+05 1.185526562500000000e+05 1.580270781250000000e+05 1.580159375000000000e+05 1.475545000000000000e+05 1.188412187500000000e+05 1.185536718750000000e+05 1.272703984375000000e+05 -6.071056127548217773e-01 1.181896953125000000e+05 1.181892109375000000e+05 9.316503524780273438e+00
1.410318509442731738e-04 1.185531562500000000e+05 1.185516562500000000e+05 1.580163125000000000e+05 1.580027343750000000e+05 1.475430625000000000e+05 1.188403359375000000e+05 1.185528984375000000e+05 1.272689062500000000e+05 -6.070983409881591797e-01 1.181889375000000000e+05 1.181883515625000000e+05 1.028629779815673828e+01
1.557135256007313728e-04 1.185522734375000000e+05 1.185504453125000000e+05 1.580031875000000000e+05 1.579866406250000000e+05 1.475291250000000000e+05 1.188392734375000000e+05 1.185519531250000000e+05 1.272670859375000000e+05 -6.070894598960876465e-01 1.181880156250000000e+05 1.181873046875000000e+05 1.135702323913574219e+01
1.719235733617097139e-04 1.185511875000000000e+05 1.185489687500000000e+05 1.579871875000000000e+05 1.579670156250000000e+05 1.475121562500000000e+05 1.188379765625000000e+05 1.185508203125000000e+05 1.272648750000000000e+05 -6.070786714553833008e-01 1.181868984375000000e+05 1.181860312500000000e+05 1.253918266296386719e+01
1.898211048683151603e-04 1.185498828125000000e+05 1.185471718750000000e+05 1.579676875000000000e+05 1.579430937500000000e+05 1.474914531250000000e+05 1.188363828125000000e+05 1.185494218750000000e+05 1.272621718750000000e+05 -6.070654988288879395e-01 1.181855234375000000e+05 1.181844609375000000e+05 1.384436035156250000e+01
2.095818199450150132e-04 1.185482812500000000e+05 1.185449921875000000e+05 1.579439218750000000e+05 1.579139531250000000e+05 1.474662187500000000e+05 1.188344531250000000e+05 1.185477187500000000e+05 1.272588828125000000e+05 -6.070495247840881348e-01 1.181838515625000000e+05 1.181825625000000000e+05 1.528535175323486328e+01
2.313996519660577178e-04 1.185463359375000000e+05 1.185423125000000000e+05 1.579149531250000000e+05 1.578784375000000000e+05 1.474354843750000000e+05 1.188321015625000000e+05 1.185456562500000000e+05 1.272548750000000000e+05 -6.070300340652465820e-01 1.181818203125000000e+05 1.181802500000000000e+05 1.687627220153808594e+01
2.554887614678591490e-04 1.185439531250000000e+05 1.185390546875000000e+05 1.578796406250000000e+05 1.578351250000000000e+05 1.473980000000000000e+05 1.188292265625000000e+05 1.185431328125000000e+05 1.272499765625000000e+05 -6.070061326026916504e-01 1.181793359375000000e+05 1.181774218750000000e+05 1.863270187377929688e+01
2.820855879690498114e-04 1.185410546875000000e+05 1.185351015625000000e+05 1.578366093750000000e+05 1.577823593750000000e+05 1.473523281250000000e+05 1.188257265625000000e+05 1.185400546875000000e+05 1.272440234375000000e+05 -6.069771647453308105e-01 1.181763203125000000e+05 1.181739843750000000e+05 2.057183456420898438e+01
3.114511782769113779e-04 1.185375390625000000e+05 1.185302578125000000e+05 1.577841562500000000e+05 1.577180468750000000e+05 1.472966562500000000e+05 1.188214687500000000e+05 1.185363046875000000e+05 1.272367578125000000e+05 -6.069417595863342285e-01 1.181726328125000000e+05 1.181697890625000000e+05 2.271263885498046875e+01
3.438738058321177959e-04 1.185332343750000000e+05 1.185243593750000000e+05 1.577202500000000000e+05 1.576396875000000000e+05 1.472288281250000000e+05 1.188162656250000000e+05 1.185317265625000000e+05 1.272279140625000000e+05 -6.068986654281616211e-01 1.181681406250000000e+05 1.181646718750000000e+05 2.507604217529296875e+01
3.796716628130525351e-04 1.185279843750000000e+05 1.185171796875000000e+05 1.576423593750000000e+05 1.575442031250000000e+05 1.471461875000000000e+05 1.188099296875000000e+05 1.185261484375000000e+05 1.272171250000000000e+05 -6.068460941314697266e-01 1.181626718750000000e+05 1.181584453125000000e+05 2.768512725830078125e+01
4.191961488686501980e-04 1.185215859375000000e+05 1.185084218750000000e+05 1.575474531250000000e+05 1.574278750000000000e+05 1.470455000000000000e+05 1.188022031250000000e+05 1.185193593750000000e+05 1.272039765625000000e+05 -6.067820787429809570e-01 1.181560000000000000e+05 1.181508437500000000e+05 3.056534576416015625e+01
4.628351889550685883e-04 1.185138046875000000e+05 1.184977421875000000e+05 1.574318437500000000e+05 1.572861875000000000e+05 1.469228437500000000e+05 1.187927890625000000e+05 1.185110859375000000e+05 1.271879609375000000e+05 -6.067040562629699707e-01 1.181478593750000000e+05 1.181415859375000000e+05 3.374475860595703125e+01
5.110171623528003693e-04 1.185043046875000000e+05 1.184847265625000000e+05 1.572909687500000000e+05 1.571136093750000000e+05 1.467734375000000000e+05 1.187813203125000000e+05 1.185010000000000000e+05 1.271684375000000000e+05 -6.066089868545532227e-01 1.181379531250000000e+05 1.181302890625000000e+05 3.725429534912109375e+01
5.642148898914456367e-04 1.184927421875000000e+05 1.184688750000000000e+05 1.571194062500000000e+05 1.569034531250000000e+05 1.465915000000000000e+05 1.187673437500000000e+05 1.184887031250000000e+05 1.271446562500000000e+05 -6.064931154251098633e-01 1.181258593750000000e+05 1.181165234375000000e+05 4.112802505493164062e+01
6.229506689123809338e-04 1.184786406250000000e+05 1.184495468750000000e+05 1.569104843750000000e+05 1.566475937500000000e+05 1.463699843750000000e+05 1.187503125000000000e+05 1.184737109375000000e+05 1.271156875000000000e+05 -6.063520312309265137e-01 1.181111328125000000e+05 1.180997656250000000e+05 4.540345382690429688e+01
6.878009298816323280e-04 1.184614609375000000e+05 1.184259921875000000e+05 1.566560937500000000e+05 1.563362031250000000e+05 1.461003593750000000e+05 1.187295625000000000e+05 1.184554531250000000e+05 1.270804062500000000e+05 -6.061800718307495117e-01 1.180931875000000000e+05 1.180793281250000000e+05 5.012186431884765625e+01
7.594022317789494991e-04 1.184405156250000000e+05 1.183972890625000000e+05 1.563464843750000000e+05 1.559573593750000000e+05 1.457722812500000000e+05 1.187042812500000000e+05 1.184332031250000000e+05 1.270374453125000000e+05 -6.059707403182983398e-01 1.180713281250000000e+05 1.180544296875000000e+05 5.532865524291992188e+01
8.384573156945407391e-04 1.184150156250000000e+05 1.183623281250000000e+05 1.559697343750000000e+05 1.554966250000000000e+05 1.453732656250000000e+05 1.186734765625000000e+05 1.184061015625000000e+05 1.269851406250000000e+05 -6.057157516479492188e-01 1.180446718750000000e+05 1.180240859375000000e+05 6.107368850708007812e+01
9.257421479560434818e-04 1.183839453125000000e+05 1.183197265625000000e+05 1.555114843750000000e+05 1.549366406250000000e+05 1.448881718750000000e+05 1.186359765625000000e+05 1.183730781250000000e+05 1.269214843750000000e+05 -6.054053902626037598e-01 1.180122109375000000e+05 1.179871171875000000e+05 6.741168975830078125e+01
1.022113487124443054e-03 1.183461015625000000e+05 1.182678359375000000e+05 1.549544218750000000e+05 1.542564062500000000e+05 1.442988437500000000e+05 1.185903125000000000e+05 1.183328671875000000e+05 1.268440390625000000e+05 -6.050276756286621094e-01 1.179726640625000000e+05 1.179420937500000000e+05 7.440262603759765625e+01
1.128517324104905128e-03 1.183000234375000000e+05 1.182046406250000000e+05 1.542776250000000000e+05 1.534307968750000000e+05 1.435833593750000000e+05 1.185347343750000000e+05 1.182838828125000000e+05 1.267498515625000000e+05 -6.045681238174438477e-01 1.179245000000000000e+05 1.178872343750000000e+05 8.211212158203125000e+01
1.245997962541878223e-03 1.182439296875000000e+05 1.181276796875000000e+05 1.534559218750000000e+05 1.524296718750000000e+05 1.427156093750000000e+05 1.184670937500000000e+05 1.182242578125000000e+05 1.266353671875000000e+05 -6.040093898773193359e-01 1.178658515625000000e+05 1.178204687500000000e+05 9.061180877685546875e+01
1.375708496198058128e-03 1.181756640625000000e+05 1.180340000000000000e+05 1.524592500000000000e+05 1.512171562500000000e+05 1.416641875000000000e+05 1.183848203125000000e+05 1.181516875000000000e+05 1.264962890625000000e+05 -6.033303141593933105e-01 1.177944453125000000e+05 1.177391406250000000e+05 9.997970581054687500e+01
1.518922159448266029e-03 1.180926093750000000e+05 1.179199765625000000e+05 1.512516562500000000e+05 1.497507031250000000e+05 1.403920156250000000e+05 1.182847812500000000e+05 1.180633984375000000e+05 1.263274765625000000e+05 -6.025055646896362305e-01 1.177075312500000000e+05 1.176401640625000000e+05 1.103004913330078125e+02
1.677044667303562164e-03 1.179916015625000000e+05 1.177812734375000000e+05 1.497904687500000000e+05 1.479802031250000000e+05 1.388552812500000000e+05 1.181632343750000000e+05 1.179560156250000000e+05 1.261227812500000000e+05 -6.015046834945678711e-01 1.176017656250000000e+05 1.175197265625000000e+05 1.216657562255859375e+02
1.851627952419221401e-03 1.178688359375000000e+05 1.176126093750000000e+05 1.480253281250000000e+05 1.458472343750000000e+05 1.370027187500000000e+05 1.180156250000000000e+05 1.178254765625000000e+05 1.258748281250000000e+05 -6.002912521362304688e-01 1.174731250000000000e+05 1.173732343750000000e+05 1.341740112304687500e+02
2.044385531917214394e-03 1.177197265625000000e+05 1.174076093750000000e+05 1.458972968750000000e+05 1.432842187500000000e+05 1.347748906250000000e+05 1.178365468750000000e+05 1.176669062500000000e+05 1.255749062500000000e+05 -5.988219380378723145e-01 1.173167578125000000e+05 1.171951640625000000e+05 1.479306335449218750e+02
2.257209736853837967e-03 1.175387578125000000e+05 1.171586171875000000e+05 1.433380312500000000e+05 1.402143125000000000e+05 1.321038593750000000e+05 1.176194765625000000e+05 1.174744296875000000e+05 1.252127421875000000e+05 -5.970453023910522461e-01 1.171267734375000000e+05 1.169788046875000000e+05 1.630473785400390625e+02
2.492189174517989159e-03 1.173193125000000000e+05 1.168564453125000000e+05 1.402694531250000000e+05 1.365515937500000000e+05 1.289132421875000000e+05 1.173567109375000000e+05 1.172409765625000000e+05 1.247763046875000000e+05 -5.949009656906127930e-01 1.168961328125000000e+05 1.167161328125000000e+05 1.796416320800781250e+02
2.751630498096346855e-03 1.170535390625000000e+05 1.164900703125000000e+05 1.366036718750000000e+05 1.322025312500000000e+05 1.251191406250000000e+05 1.170391015625000000e+05 1.169581875000000000e+05 1.242516484375000000e+05 -5.923182964324951172e-01 1.166163906250000000e+05 1.163975234375000000e+05 1.978350524902343750e+02
3.038079943507909775e-03 1.167320937500000000e+05 1.160463671875000000e+05 1.322443125000000000e+05 1.270688593750000000e+05 1.206323906250000000e+05 1.166558750000000000e+05 1.166160625000000000e+05 1.236228593750000000e+05 -5.892158746719360352e-01 1.162774609375000000e+05 1.160114765625000000e+05 2.177514953613281250e+02
3.354349406436085701e-03 1.163439921875000000e+05 1.155097812500000000e+05 1.270887890625000000e+05 1.210528125000000000e+05 1.153625546875000000e+05 1.161944843750000000e+05 1.162028203125000000e+05 1.228719843750000000e+05 -5.855007171630859375e-01 1.158673828125000000e+05 1.155443671875000000e+05 2.395141296386718750e+02
3.703542985022068024e-03 1.158763437500000000e+05 1.148619531250000000e+05 1.210333828125000000e+05 1.140654687500000000e+05 1.092246953125000000e+05 1.156404296875000000e+05 1.157046796875000000e+05 1.219792500000000000e+05 -5.810688734054565430e-01 1.153720234375000000e+05 1.149800468750000000e+05 2.632411804199218750e+02
4.089088179171085358e-03 1.153142421875000000e+05 1.140814296875000000e+05 1.139808437500000000e+05 1.060392421875000000e+05 1.021494687500000000e+05 1.149771484375000000e+05 1.151056171875000000e+05 1.209233828125000000e+05 -5.758063793182373047e-01 1.147748437500000000e+05 1.142996484375000000e+05 2.890405273437500000e+02
4.514769650995731354e-03 1.146406093750000000e+05 1.131433281250000000e+05 1.058524921875000000e+05 9.694522656250000000e+04 9.409751562500000000e+04 1.141860468750000000e+05 1.143872187500000000e+05 1.196824609375000000e+05 -5.695920586585998535e-01 1.140566796875000000e+05 1.134812578125000000e+05 3.170022277832031250e+02
4.984764847904443741e-03 1.138361562500000000e+05 1.120191328125000000e+05 9.660529687500000000e+04 8.681596875000000000e+04 8.507860937500000000e+04 1.132465625000000000e+05 1.135286562500000000e+05 1.182348828125000000e+05 -5.623025894165039062e-01 1.131955390625000000e+05 1.124997109375000000e+05 3.471893005371093750e+02
5.503687541931867599e-03 1.128796171875000000e+05 1.106767265625000000e+05 8.625482812500000000e+04 7.577267187500000000e+04 7.523089843750000000e+04 1.121372265625000000e+05 1.125068203125000000e+05 1.165617734375000000e+05 -5.538284182548522949e-01 1.121691250000000000e+05 1.113290781250000000e+05 3.796261901855468750e+02
6.076631136238574982e-03 1.117477968750000000e+05 1.090802265625000000e+05 7.490375781250000000e+04 6.405392187500000000e+04 6.465187500000000000e+04 1.108338750000000000e+05 1.112963593750000000e+05 1.146467656250000000e+05 -5.440514683723449707e-01 1.109458750000000000e+05 1.099337031250000000e+05 4.142848205566406250e+02
6.709218956530094147e-03 1.104165390625000000e+05 1.071908906250000000e+05 6.277394531250000000e+04 5.203963281250000000e+04 5.368508593750000000e+04 1.093135703125000000e+05 1.098706562500000000e+05 1.124813671875000000e+05 -5.329047441482543945e-01 1.094984375000000000e+05 1.082816875000000000e+05 4.510690002441406250e+02
7.407660130411386490e-03 1.088614531250000000e+05 1.049676953125000000e+05 5.023619140625000000e+04 4.025854296875000000e+04 4.275859765625000000e+04 1.075536250000000000e+05 1.082025078125000000e+05 1.100653828125000000e+05 -5.203558802604675293e-01 1.077961796875000000e+05 1.063374140625000000e+05 4.897967834472656250e+02
8.178810589015483856e-03 1.070593750000000000e+05 1.023688984375000000e+05 3.782769921875000000e+04 2.936297656250000000e+04 3.245065039062500000e+04 1.055337109375000000e+05 1.062656015625000000e+05 1.074090468750000000e+05 -5.064371824264526367e-01 1.058101406250000000e+05 1.040667187500000000e+05 5.301826171875000000e+02
9.030238725244998932e-03 1.049899140625000000e+05 9.935388281250000000e+04 2.624029296875000000e+04 2.005203515625000000e+04 2.338187109375000000e+04 1.032364218750000000e+05 1.040361171875000000e+05 1.045319687500000000e+05 -4.912443161010742188e-01 1.035135156250000000e+05 1.014374296875000000e+05 5.718192749023437500e+02
9.970302693545818329e-03 1.026373515625000000e+05 9.588562500000000000e+04 1.625829785156250000e+04 1.293040527343750000e+04 1.612755664062500000e+04 1.006483281250000000e+05 1.014947578125000000e+05 1.014595546875000000e+05 -4.749391376972198486e-01 1.008855781250000000e+05 9.842362500000000000e+04 6.141619262695312500e+02
1.100822817534208298e-02 9.999228906250000000e+04 9.193335937500000000e+04 8.625942382812500000e+03 8.313130859375000000e+03 1.105580468750000000e+04 9.776017187500000000e+04 9.862847656250000000e+04 9.821503906250000000e+04 -4.577293694019317627e-01 9.791492968750000000e+04 9.500925781250000000e+04 6.565114746093750000e+02
1.215420477092266083e-02 9.705267187500000000e+04 8.747542968750000000e+04 3.840747070312500000e+03 6.032371093750000000e+03 8.145353515625000000e+03 9.456645312500000000e+04 9.543191406250000000e+04 9.480819531250000000e+04 -4.398229122161865234e-01 9.460250000000000000e+04 9.119160937500000000e+04 6.979968261718750000e+02
1.341947820037603378e-02 9.382375000000000000e+04 8.250179687500000000e+04 1.910473510742187500e+03 5.361146484375000000e+03 6.880011718750000000e+03 9.106465625000000000e+04 9.190771875000000000e+04 9.122463281250000000e+04 -4.213642179965972900e-01 9.096299218750000000e+04 8.698364062500000000e+04 7.375472412109375000e+02
1.481646951287984848e-02 9.031663281250000000e+04 7.701640625000000000e+04 2.177681640625000000e+03 5.197498046875000000e+03 6.349563476562500000e+03 8.725560156250000000e+04 8.806582031250000000e+04 8.742257031250000000e+04 -4.023723006248474121e-01 8.702400781250000000e+04 8.241416406250000000e+04 7.738460693359375000e+02
1.635888963937759399e-02 8.654592187500000000e+04 7.104004687500000000e+04 3.379160888671875000e+03 4.565369140625000000e+03 5.628821777343750000e+03 8.314557031250000000e+04 8.392185156250000000e+04 8.334577343750000000e+04 -3.827178180217742920e-01 8.282140625000000000e+04 7.752504687500000000e+04 8.052592163085937500e+02
1.806187815964221954e-02 8.252739843750000000e+04 6.461506250000000000e+04 4.088140136718750000e+03 3.219755615234375000e+03 4.317491210937500000e+03 7.875067187500000000e+04 7.949607812500000000e+04 7.895412500000000000e+04 -3.621785640716552734e-01 7.839203125000000000e+04 7.236650000000000000e+04 8.297448730468750000e+02
1.994215138256549835e-02 7.827782812500000000e+04 5.781375781250000000e+04 3.475026611328125000e+03 1.816970581054687500e+03 2.821121826171875000e+03 7.410085156250000000e+04 7.481467968750000000e+04 7.425831250000000000e+04 -3.405794203281402588e-01 7.376756250000000000e+04 6.699417968750000000e+04 8.447846069335937500e+02
2.201816439628601074e-02 7.381806250000000000e+04 5.075144140625000000e+04 1.910822631835937500e+03 1.196893676757812500e+03 1.905520996093750000e+03 6.924015625000000000e+04 6.991447656250000000e+04 6.933007031250000000e+04 -3.179509341716766357e-01 6.897501562500000000e+04 6.147325781250000000e+04 8.474119262695312500e+02
2.431029453873634338e-02 6.917855468750000000e+04 4.360153906250000000e+04 6.698415527343750000e+02 1.132505004882812500e+03 1.725692138671875000e+03 6.422424218750000000e+04 6.485013281250000000e+04 6.426776171875000000e+04 -2.945905029773712158e-01 6.404258984375000000e+04 5.588680859375000000e+04 8.344256591796875000e+02
2.684103697538375854e-02 6.440496875000000000e+04 3.660765234375000000e+04 5.704486694335937500e+02 8.545361328125000000e+02 1.562372558593750000e+03 5.912435937500000000e+04 5.970080859375000000e+04 5.915956640625000000e+04 -2.709419429302215576e-01 5.903660546875000000e+04 5.037289062500000000e+04 8.028187866210937500e+02
2.963523566722869873e-02 5.956123437500000000e+04 3.008468750000000000e+04 9.293888549804687500e+02 6.389232177734375000e+02 1.004430664062500000e+03 5.404175000000000000e+04 5.457289062500000000e+04 5.408644140625000000e+04 -2.475284188985824585e-01 5.403863671875000000e+04 4.509810546875000000e+04 7.503559570312500000e+02
3.272031620144844055e-02 5.472891796875000000e+04 2.440125000000000000e+04 6.563997802734375000e+02 4.758149719238281250e+02 6.567793579101562500e+02 4.911129687500000000e+04 4.959654296875000000e+04 4.914327343750000000e+04 -2.248662263154983521e-01 4.916336328125000000e+04 4.026737109375000000e+04 6.762221069335937500e+02
3.612655773758888245e-02 5.000402343750000000e+04 1.993582421875000000e+04 1.736073760986328125e+02 3.541048278808593750e+02 6.532435302734375000e+02 4.447669140625000000e+04 4.491555859375000000e+04 4.448898828125000000e+04 -2.035391628742218018e-01 4.453791406250000000e+04 3.608725000000000000e+04 5.818039550781250000e+02
3.988739475607872009e-02 4.548986718750000000e+04 1.699875195312500000e+04 3.018035888671875000e+02 2.638344116210937500e+02 4.121056213378906250e+02 4.026914843750000000e+04 4.066829687500000000e+04 4.028460937500000000e+04 -1.842069476842880249e-01 4.028367187500000000e+04 3.271983984375000000e+04 4.716488037109375000e+02
4.387613758444786072e-02 4.142718359375000000e+04 1.572929785156250000e+04 2.015364532470703125e+02 2.004068145751953125e+02 3.108086547851562500e+02 3.671375390625000000e+04 3.707830859375000000e+04 3.672448828125000000e+04 -1.678945422172546387e-01 3.661873046875000000e+04 3.029304687500000000e+04 3.585846862792968750e+02
4.786487668752670288e-02 3.803715234375000000e+04 1.580116210937500000e+04 1.580833740234375000e+02 1.571829223632812500e+02 2.913306579589843750e+02 3.393719531250000000e+04 3.427414062500000000e+04 3.394561328125000000e+04 -1.551566123962402344e-01 3.372071093750000000e+04 2.875110937500000000e+04 2.582361450195312500e+02
5.185361579060554504e-02 3.517391015625000000e+04 1.655282617187500000e+04 1.272756423950195312e+02 1.265373382568359375e+02 1.767637481689453125e+02 3.170689257812500000e+04 3.202265039062500000e+04 3.171366992187500000e+04 -1.449329704046249390e-01 3.136074804687500000e+04 2.767714257812500000e+04 1.766876525878906250e+02
5.584235489368438721e-02 3.272756835937500000e+04 1.741880273437500000e+04 1.044068374633789062e+02 1.037914505004882812e+02 1.897020721435546875e+02 2.983992187500000000e+04 3.013685351562500000e+04 2.984548242187500000e+04 -1.363759189844131470e-01 2.938092968750000000e+04 2.676231640625000000e+04 1.166326675415039062e+02
5.983109399676322937e-02 3.061087695312500000e+04 1.797686718750000000e+04 8.661668395996093750e+01 8.610012054443359375e+01 1.365201263427734375e+02 2.819185546875000000e+04 2.847281445312500000e+04 2.819646679687500000e+04 -1.288299858570098877e-01 2.766451562500000000e+04 2.579423437500000000e+04 7.774849700927734375e+01
6.381983309984207153e-02 2.872403906250000000e+04 1.794485351562500000e+04 7.222903442382812500e+01 7.179578399658203125e+01 1.126330490112304688e+02 2.663427148437500000e+04 2.689986914062500000e+04 2.663811523437500000e+04 -1.217013522982597351e-01 2.608956445312500000e+04 2.461734375000000000e+04 5.737599945068359375e+01
6.780857592821121216e-02 2.699204492187500000e+04 1.722224023437500000e+04 6.030649185180664062e+01 5.994530487060546875e+01 1.094098052978515625e+02 2.508854101562500000e+04 2.533869335937500000e+04 2.509175195312500000e+04 -1.146307215094566345e-01 2.457051953125000000e+04 2.317114062500000000e+04 5.132905960083007812e+01
7.179731130599975586e-02 2.537262304687500000e+04 1.587747949218750000e+04 5.032109451293945312e+01 5.002227020263671875e+01 7.210457611083984375e+01 2.353082617187500000e+04 2.376575195312500000e+04 2.353350585937500000e+04 -1.075091287493705750e-01 2.307312304687500000e+04 2.149343750000000000e+04 5.472360992431640625e+01
7.578605413436889648e-02 2.385106054687500000e+04 1.410314062500000000e+04 4.196802139282226562e+01 4.172228622436523438e+01 7.445528411865234375e+01 2.198202148437500000e+04 2.220141210937500000e+04 2.198425585937500000e+04 -1.004285886883735657e-01 2.160615625000000000e+04 1.969384375000000000e+04 6.275980377197265625e+01
7.977479696273803711e-02 2.242653710937500000e+04 1.215268750000000000e+04 3.503725814819335938e+01 3.483557510375976562e+01 4.980477523803710938e+01 2.048325585937500000e+04 2.068788671875000000e+04 2.048512109375000000e+04 -9.357895702123641968e-02 2.019849414062500000e+04 1.791001367187500000e+04 7.135000610351562500e+01
8.376353234052658081e-02 2.110029296875000000e+04 1.027875878906250000e+04 2.937036132812500000e+01 2.920421981811523438e+01 3.382508468627929688e+01 1.907823632812500000e+04 1.926895507812500000e+04 1.907979882812500000e+04 -8.715762197971343994e-02 1.887758007812500000e+04 1.626672265625000000e+04 7.752480316162109375e+01
8.871383965015411377e-02 1.959664062500000000e+04 8.369724609375000000e+03 2.386334609985351562e+01 2.373074150085449219e+01 1.666492843627929688e+01 1.752140039062500000e+04 1.769670117187500000e+04 1.752266992187500000e+04 -8.004280924797058105e-02 1.739527148437500000e+04 1.456353710937500000e+04 7.939138793945312500e+01
9.366414695978164673e-02 1.826484179687500000e+04 7.150112792968750000e+03 1.975484657287597656e+01 1.964597129821777344e+01 7.446729660034179688e+00 1.622151171875000000e+04 1.638388867187500000e+04 1.622256347656250000e+04 -7.410235702991485596e-02 1.612788378906250000e+04 1.332973828125000000e+04 7.430351257324218750e+01
9.861445426940917969e-02 1.711463085937500000e+04 6.671003417968750000e+03 1.672266769409179688e+01 1.663004875183105469e+01 2.195324516296386719e+01 1.519529394531250000e+04 1.534724609375000000e+04 1.519618554687500000e+04 -6.941239535808563232e-02 1.509718945312500000e+04 1.257026953125000000e+04 6.373288726806640625e+01
1.035647615790367126e-01 1.613194726562500000e+04 6.789874023437500000e+03 1.446073436737060547e+01 1.437936305999755859e+01 3.034740829467773438e+01 1.440700781250000000e+04 1.455098144531250000e+04 1.440777734375000000e+04 -6.580960750579833984e-02 1.427851269531250000e+04 1.218123535156250000e+04 5.036817932128906250e+01
1.085150763392448425e-01 1.528151171875000000e+04 7.238409667968750000e+03 1.270732307434082031e+01 1.263436889648437500e+01 2.337885093688964844e+01 1.378258007812500000e+04 1.392037011718750000e+04 1.378325781250000000e+04 -6.295549869537353516e-02 1.361039550781250000e+04 1.199101074218750000e+04 3.711697769165039062e+01
1.134653836488723755e-01 1.452389746093750000e+04 7.720213378906250000e+03 1.126216602325439453e+01 1.119636440277099609e+01 1.209751510620117188e+01 1.324003515625000000e+04 1.337250488281250000e+04 1.324063378906250000e+04 -6.047576665878295898e-02 1.302552636718750000e+04 1.182537500000000000e+04 2.630781364440917969e+01
1.184156909584999084e-01 1.382677343750000000e+04 7.994368652343750000e+03 9.993477821350097656e+00 9.934446334838867188e+00 1.664011764526367188e+01 1.271260839843750000e+04 1.283975097656250000e+04 1.271314062500000000e+04 -5.806548148393630981e-02 1.247064941406250000e+04 1.155475000000000000e+04 1.923761749267578125e+01
1.233659982681274414e-01 1.316730371093750000e+04 7.924874511718750000e+03 8.831227302551269531e+00 8.778912544250488281e+00 1.533452892303466797e+01 1.215851660156250000e+04 1.228012402343750000e+04 1.215898632812500000e+04 -5.553391948342323303e-02 1.191216210937500000e+04 1.111447949218750000e+04 1.608226203918457031e+01
1.283162981271743774e-01 1.253203906250000000e+04 7.494776855468750000e+03 7.753261566162109375e+00 7.707553386688232422e+00 1.270482921600341797e+01 1.156390039062500000e+04 1.167957910156250000e+04 1.156431347656250000e+04 -5.281747877597808838e-02 1.133655957031250000e+04 1.050595898437500000e+04 1.609987640380859375e+01
1.332666128873825073e-01 1.191595507812500000e+04 6.788595214843750000e+03 6.766434669494628906e+00 6.726979255676269531e+00 1.067914676666259766e+01 1.093880859375000000e+04 1.104824804687500000e+04 1.093916894531250000e+04 -4.996202141046524048e-02 1.074708789062500000e+04 9.782025390625000000e+03 1.801136398315429688e+01
1.382169127464294434e-01 1.132156640625000000e+04 5.953632812500000000e+03 5.889518260955810547e+00 5.855680465698242188e+00 9.857464790344238281e+00 1.030999609375000000e+04 1.041314648437500000e+04 1.031030957031250000e+04 -4.708969593048095703e-02 1.015916113281250000e+04 9.024128906250000000e+03 2.042488861083984375e+01
1.431672275066375732e-01 1.075858203125000000e+04 5.154061035156250000e+03 5.138319969177246094e+00 5.109241008758544922e+00 8.334535598754882812e+00 9.712938476562500000e+03 9.810125000000000000e+03 9.713211914062500000e+03 -4.436247050762176514e-02 9.597781250000000000e+03 8.320510742187500000e+03 2.218972778320312500e+01
1.481175273656845093e-01 1.024010156250000000e+04 4.526648925781250000e+03 4.516815185546875000e+00 4.491529464721679688e+00 7.828430652618408203e+00 9.181341796875000000e+03 9.273208984375000000e+03 9.181583007812500000e+03 -4.193422943353652954e-02 9.090869140625000000e+03 7.744176269531250000e+03 2.261386108398437500e+01
1.530678421258926392e-01 9.774518554687500000e+03 4.146566406250000000e+03 4.015879631042480469e+00 3.993466138839721680e+00 6.828999042510986328e+00 8.734691406250000000e+03 8.822096679687500000e+03 8.734905273437500000e+03 -3.989397734403610229e-02 8.655945312500000000e+03 7.331102539062500000e+03 2.152746772766113281e+01
1.580181568861007690e-01 9.360677734375000000e+03 4.015136718750000000e+03 3.616793155670166016e+00 3.596506357192993164e+00 6.685913562774658203e+00 8.372270507812500000e+03 8.456046875000000000e+03 8.372462890625000000e+03 -3.823839500546455383e-02 8.292027343750000000e+03 7.071746093750000000e+03 1.920726394653320312e+01
1.629684567451477051e-01 8.991580078125000000e+03 4.073797363281250000e+03 3.295298814773559570e+00 3.276623487472534180e+00 5.544775962829589844e+00 8.078494140625000000e+03 8.159340332031250000e+03 8.078669433593750000e+03 -3.689635917544364929e-02 7.986194824218750000e+03 6.924316406250000000e+03 1.620628929138183594e+01
1.679187715053558350e-01 8.658953125000000000e+03 4.230907226562500000e+03 3.026190757751464844e+00 3.008829116821289062e+00 5.562784194946289062e+00 7.831221679687500000e+03 7.909591796875000000e+03 7.831383300781250000e+03 -3.576673194766044617e-02 7.722440429687500000e+03 6.834404785156250000e+03 1.315356731414794922e+01
1.728690713644027710e-01 8.353287109375000000e+03 4.388249023437500000e+03 2.787899255752563477e+00 2.771725416183471680e+00 4.639744281768798828e+00 7.606155761718750000e+03 7.682280761718750000e+03 7.606304199218750000e+03 -3.473858535289764404e-02 7.483251464843750000e+03 6.747765136718750000e+03 1.058204936981201172e+01
1.778193861246109009e-01 8.063361328125000000e+03 4.463914062500000000e+03 2.565782070159912109e+00 2.550787687301635742e+00 4.645257472991943359e+00 7.380360351562500000e+03 7.454223632812500000e+03 7.380497070312500000e+03 -3.370714560151100159e-02 7.249660644531250000e+03 6.619232910156250000e+03 8.817970275878906250e+00
1.827696859836578369e-01 7.780008789062500000e+03 4.411154785156250000e+03 2.352500677108764648e+00 2.338726282119750977e+00 3.911395072937011719e+00 7.138446289062500000e+03 7.209895019531250000e+03 7.138571777343750000e+03 -3.260215371847152710e-02 7.007504882812500000e+03 6.423913085937500000e+03 7.941768646240234375e+00
1.877200007438659668e-01 7.499993652343750000e+03 4.226603515625000000e+03 2.146730661392211914e+00 2.134202718734741211e+00 3.910618066787719727e+00 6.877203613281250000e+03 6.946035644531250000e+03 6.877317871093750000e+03 -3.140891343355178833e-02 6.753460937500000000e+03 6.163531738281250000e+03 7.816308021545410156e+00
1.926703006029129028e-01 7.224945800781250000e+03 3.943378906250000000e+03 1.951164245605468750e+00 1.939856529235839844e+00 3.318389177322387695e+00 6.603506835937500000e+03 6.669604003906250000e+03 6.603610351562500000e+03 -3.015884384512901306e-02 6.492901855468750000e+03 5.860500976562500000e+03 8.163757324218750000e+00
1.976206153631210327e-01 6.957943359375000000e+03 3.614843505859375000e+03 1.770355105400085449e+00 1.760184049606323242e+00 3.255597591400146484e+00 6.328840820312500000e+03 6.392187988281250000e+03 6.328935058593750000e+03 -2.890435047447681427e-02 6.233919433593750000e+03 5.545734863281250000e+03 8.661337852478027344e+00
2.025709152221679688e-01 6.702326171875000000e+03 3.298053955078125000e+03 1.608441710472106934e+00 1.599278450012207031e+00 2.789515256881713867e+00 6.065504394531250000e+03 6.126218750000000000e+03 6.065589843750000000e+03 -2.770162001252174377e-02 5.984872070312500000e+03 5.249653320312500000e+03 9.027177810668945312e+00
2.075212299823760986e-01 6.461920410156250000e+03 3.040278076171875000e+03 1.467657327651977539e+00 1.459346890449523926e+00 2.811489105224609375e+00 5.824571289062500000e+03 5.882873535156250000e+03 5.824649902343750000e+03 -2.660119719803333282e-02 5.754140136718750000e+03 4.996685546875000000e+03 9.078334808349609375e+00
2.124715298414230347e-01 6.239934570312500000e+03 2.868923583984375000e+03 1.347849130630493164e+00 1.340233206748962402e+00 2.320521116256713867e+00 5.613265136718750000e+03 5.669456054687500000e+03 5.613336914062500000e+03 -2.563608996570110321e-02 5.547961425781250000e+03 4.800141601562500000e+03 8.754040718078613281e+00
2.174218446016311646e-01 6.037247070312500000e+03 2.787030273437500000e+03 1.246776700019836426e+00 1.239717125892639160e+00 2.402667522430419922e+00 5.432828125000000000e+03 5.487210937500000000e+03 5.432894042968750000e+03 -2.481195144355297089e-02 5.367809570312500000e+03 4.659286132812500000e+03 8.105195999145507812e+00
2.223721444606781006e-01 5.852161132812500000e+03 2.776152343750000000e+03 1.160704493522644043e+00 1.154097437858581543e+00 2.047652244567871094e+00 5.278762207031250000e+03 5.331605468750000000e+03 5.278824218750000000e+03 -2.410826273262500763e-02 5.210473144531250000e+03 4.561494628906250000e+03 7.258757591247558594e+00
2.273224592208862305e-01 5.681357910156250000e+03 2.804582763671875000e+03 1.085350632667541504e+00 1.079130530357360840e+00 2.051672458648681641e+00 5.143035644531250000e+03 5.194519531250000000e+03 5.143092773437500000e+03 -2.348832413554191589e-02 5.069951660156250000e+03 4.487660156250000000e+03 6.371044158935546875e+00
2.322727590799331665e-01 5.520814941406250000e+03 2.837176513671875000e+03 1.016854166984558105e+00 1.010989427566528320e+00 1.778110265731811523e+00 5.016441406250000000e+03 5.066660156250000000e+03 5.016495117187500000e+03 -2.291011251509189606e-02 4.939050781250000000e+03 4.417593261718750000e+03 5.583843708038330078e+00
2.372230738401412964e-01 5.366621582031250000e+03 2.844303222656250000e+03 9.524329900741577148e-01 9.469159245491027832e-01 1.824963331222534180e+00 4.890807617187500000e+03 4.939767578125000000e+03 4.890857910156250000e+03 -2.233628742396831512e-02 4.810925781250000000e+03 4.334730468750000000e+03 4.992763042449951172e+00
2.421733886003494263e-01 5.215962890625000000e+03 2.808333740234375000e+03 8.905078768730163574e-01 8.853420615196228027e-01 1.542371988296508789e+00 4.760856445312500000e+03 4.808518066406250000e+03 4.760903320312500000e+03 -2.174276486039161682e-02 4.681013183593750000e+03 4.229946777343750000e+03 4.632620811462402344e+00
2.471236884593963623e-01 5.067628417968750000e+03 2.726088623046875000e+03 8.305935859680175781e-01 8.257817625999450684e-01 1.577440381050109863e+00 4.625065917968750000e+03 4.671367187500000000e+03 4.625110351562500000e+03 -2.112257666885852814e-02 4.547992675781250000e+03 4.102828613281250000e+03 4.480414390563964844e+00
2.520740032196044922e-01 4.921715332031250000e+03 2.606992675781250000e+03 7.730676531791687012e-01 7.686042785644531250e-01 1.381338953971862793e+00 4.485090820312500000e+03 4.529992675781250000e+03 4.485131835937500000e+03 -2.048329077661037445e-02 4.413035156250000000e+03 3.959808837890625000e+03 4.471976757049560547e+00
2.570243179798126221e-01 4.779129882812500000e+03 2.468515869140625000e+03 7.188366055488586426e-01 7.147048115730285645e-01 1.383371233940124512e+00 4.344607421875000000e+03 4.388102539062500000e+03 4.344645996093750000e+03 -1.984168030321598053e-02 4.278611328125000000e+03 3.810978759765625000e+03 4.525258064270019531e+00
2.619746029376983643e-01 4.641324218750000000e+03 2.330775878906250000e+03 6.688536405563354492e-01 6.650264263153076172e-01 1.180886745452880859e+00 4.208177734375000000e+03 4.250308593750000000e+03 4.208213378906250000e+03 -1.921859197318553925e-02 4.147921875000000000e+03 3.667306640625000000e+03 4.563000679016113281e+00
2.669249176979064941e-01 4.509937988281250000e+03 2.211370605468750000e+03 6.237315535545349121e-01 6.201747655868530273e-01 1.243846654891967773e+00 4.080102050781250000e+03 4.120949707031250000e+03 4.080135498046875000e+03 -1.863365247845649719e-02 4.024328125000000000e+03 3.538197753906250000e+03 4.529770851135253906e+00
2.718752324581146240e-01 4.386157226562500000e+03 2.121352539062500000e+03 5.835781097412109375e-01 5.802552700042724609e-01 1.041320562362670898e+00 3.963203857421875000e+03 4.002883056640625000e+03 3.963234863281250000e+03 -1.809976622462272644e-02 3.910269775390625000e+03 3.429229736328125000e+03 4.400722026824951172e+00
2.768255472183227539e-01 4.270277832031250000e+03 2.063414306640625000e+03 5.480577349662780762e-01 5.449351668357849121e-01 1.078391909599304199e+00 3.858181884765625000e+03 3.896808349609375000e+03 3.858210937500000000e+03 -1.762010902166366577e-02 3.806414062500000000e+03 3.341011474609375000e+03 4.181529045104980469e+00
2.817758321762084961e-01 4.161797363281250000e+03 2.032646606445312500e+03 5.165067911148071289e-01 5.135571360588073730e-01 9.432421326637268066e-01 3.763796630859375000e+03 3.801479492187500000e+03 3.763824218750000000e+03 -1.718903891742229462e-02 3.711801269531250000e+03 3.269862548828125000e+03 3.900955677032470703e+00
2.867261469364166260e-01 4.059724609375000000e+03 2.019049194335937500e+03 4.880811572074890137e-01 4.852849543094635010e-01 9.621519446372985840e-01 3.677560302734375000e+03 3.714379394531250000e+03 3.677586425781250000e+03 -1.679517887532711029e-02 3.624531250000000000e+03 3.209605957031250000e+03 3.599274396896362305e+00
2.916764616966247559e-01 3.962749023437500000e+03 2.010654907226562500e+03 4.619153439998626709e-01 4.592605829238891602e-01 8.316379189491271973e-01 3.596387207031250000e+03 3.632394531250000000e+03 3.596411865234375000e+03 -1.642444916069507599e-02 3.542268310546875000e+03 3.153368652343750000e+03 3.316258430480957031e+00
2.966267764568328857e-01 3.869425537109375000e+03 1.996562622070312500e+03 4.372974634170532227e-01 4.347780644893646240e-01 8.689083456993103027e-01 3.517264648437500000e+03 3.552479248046875000e+03 3.517287841796875000e+03 -1.606308296322822571e-02 3.462606689453125000e+03 3.095076416015625000e+03 3.081731319427490234e+00
3.015770614147186279e-01 3.778540039062500000e+03 1.969407592773437500e+03 4.137737751007080078e-01 4.113870859146118164e-01 7.516893148422241211e-01 3.437957519531250000e+03 3.472379150390625000e+03 3.437979492187500000e+03 -1.570088043808937073e-02 3.383619140625000000e+03 3.030742675781250000e+03 2.910295248031616211e+00
3.065273761749267578e-01 3.689443847656250000e+03 1.926653442382812500e+03 3.911620080471038818e-01 3.889062702655792236e-01 7.706138491630554199e-01 3.357509765625000000e+03 3.391125488281250000e+03 3.357530761718750000e+03 -1.533346530050039291e-02 3.304380859375000000e+03 2.959229980468750000e+03 2.800606012344360352e+00
3.114776909351348877e-01 3.602073974609375000e+03 1.870404785156250000e+03 3.694808483123779297e-01 3.673532009124755859e-01 6.744168996810913086e-01 3.276219482421875000e+03 3.309022216796875000e+03 3.276239257812500000e+03 -1.496221218258142471e-02 3.225049072265625000e+03 2.882094726562500000e+03 2.738557577133178711e+00
3.164280056953430176e-01 3.516721923828125000e+03 1.806017456054687500e+03 3.488676249980926514e-01 3.468629121780395508e-01 7.049925923347473145e-01 3.195226806640625000e+03 3.227218017578125000e+03 3.195245361328125000e+03 -1.459231227636337280e-02 3.146484375000000000e+03 2.802611328125000000e+03 2.702933073043823242e+00
3.213782906532287598e-01 3.433823486328125000e+03 1.740225708007812500e+03 3.294988274574279785e-01 3.276095092296600342e-01 5.927604436874389648e-01 3.116015380859375000e+03 3.147214843750000000e+03 3.116032958984375000e+03 -1.423055492341518402e-02 3.069794677734375000e+03 2.724577148437500000e+03 2.671703577041625977e+00
3.263286054134368896e-01 3.353862304687500000e+03 1.679355957031250000e+03 3.115282058715820312e-01 3.097450435161590576e-01 6.336483955383300781e-01 3.040046386718750000e+03 3.070484130859375000e+03 3.040062988281250000e+03 -1.388359908014535904e-02 2.996046630859375000e+03 2.651335937500000000e+03 2.627313852310180664e+00
3.312789201736450195e-01 3.277270019531250000e+03 1.627930419921875000e+03 2.950251102447509766e-01 2.933380305767059326e-01 5.499892234802246094e-01 2.968429443359375000e+03 2.998151123046875000e+03 2.968445068359375000e+03 -1.355652511119842529e-02 2.926083984375000000e+03 2.585128173828125000e+03 2.559863328933715820e+00
3.362292349338531494e-01 3.204268554687500000e+03 1.587840454101562500e+03 2.799470126628875732e-01 2.783462405204772949e-01 5.596746206283569336e-01 2.901666259765625000e+03 2.930719238281250000e+03 2.901681152343750000e+03 -1.325161382555961609e-02 2.860335693359375000e+03 2.526719238281250000e+03 2.467880964279174805e+00
3.411795496940612793e-01 3.134763916015625000e+03 1.558255371093750000e+03 2.661490142345428467e-01 2.646259665489196777e-01 4.951373636722564697e-01 2.839538818359375000e+03 2.867970214843750000e+03 2.839552978515625000e+03 -1.296787802129983902e-02 2.798689697265625000e+03 2.475370361328125000e+03 2.357007741928100586e+00
3.461298346519470215e-01 3.068407226562500000e+03 1.536261596679687500e+03 2.534314692020416260e-01 2.519792616367340088e-01 5.215321779251098633e-01 2.781273193359375000e+03 2.809120849609375000e+03 2.781286865234375000e+03 -1.270177494734525681e-02 2.740566406250000000e+03 2.429216796875000000e+03 2.237287044525146484e+00
3.510801494121551514e-01 3.004746337890625000e+03 1.517935302734375000e+03 2.415857166051864624e-01 2.401993274688720703e-01 4.443077743053436279e-01 2.725838867187500000e+03 2.753132080078125000e+03 2.725851806640625000e+03 -1.244860608130693436e-02 2.685161132812500000e+03 2.385925048828125000e+03 2.119924068450927734e+00
3.560304641723632812e-01 2.943320800781250000e+03 1.499417846679687500e+03 2.304281592369079590e-01 2.291041463613510132e-01 4.664394259452819824e-01 2.672211914062500000e+03 2.698968017578125000e+03 2.672224121093750000e+03 -1.220368873327970505e-02 2.631655517578125000e+03 2.343309570312500000e+03 2.014370679855346680e+00
3.609807789325714111e-01 2.883680664062500000e+03 1.477741333007812500e+03 2.198171019554138184e-01 2.185530662536621094e-01 4.170489609241485596e-01 2.619523681640625000e+03 2.645752685546875000e+03 2.619535400390625000e+03 -1.196306198835372925e-02 2.579328125000000000e+03 2.299743896484375000e+03 1.926376223564147949e+00
3.659310638904571533e-01 2.825457031250000000e+03 1.451358642578125000e+03 2.096659541130065918e-01 2.084601521492004395e-01 4.257396161556243896e-01 2.567212402343750000e+03 2.592917236328125000e+03 2.567223388671875000e+03 -1.172415539622306824e-02 2.527673095703125000e+03 2.254419433593750000e+03 1.857287049293518066e+00
3.708813786506652832e-01 2.768486083984375000e+03 1.420337280273437500e+03 1.999434083700180054e-01 1.987940371036529541e-01 3.673488795757293701e-01 2.515153564453125000e+03 2.540337890625000000e+03 2.515164306640625000e+03 -1.148640457540750504e-02 2.476547363281250000e+03 2.207466552734375000e+03 1.804514050483703613e+00
3.758316934108734131e-01 2.712833251953125000e+03 1.386104492187500000e+03 1.906622648239135742e-01 1.895671337842941284e-01 4.019623398780822754e-01 2.463642089843750000e+03 2.488309814453125000e+03 2.463652099609375000e+03 -1.125115063041448593e-02 2.426168457031250000e+03 2.159794189453125000e+03 1.762833833694458008e+00
3.807820081710815430e-01 2.658653808593750000e+03 1.350812866210937500e+03 1.818547695875167847e-01 1.808112263679504395e-01 3.373576104640960693e-01 2.413163818359375000e+03 2.437326904296875000e+03 2.413173583984375000e+03 -1.102062035351991653e-02 2.376900878906250000e+03 2.112646728515625000e+03 1.726066112518310547e+00
3.857322931289672852e-01 2.606063476562500000e+03 1.316645751953125000e+03 1.735514104366302490e-01 1.725563704967498779e-01 3.523061275482177734e-01 2.364181884765625000e+03 2.387854248046875000e+03 2.364191162109375000e+03 -1.079691946506500244e-02 2.329060791015625000e+03 2.067173095703125000e+03 1.688655972480773926e+00
3.906826078891754150e-01 2.555144287109375000e+03 1.285335571289062500e+03 1.657645851373672485e-01 1.648147553205490112e-01 3.243687450885772705e-01 2.317052978515625000e+03 2.340253662109375000e+03 2.317061767578125000e+03 -1.058168523013591766e-02 2.282899902343750000e+03 2.024224853515625000e+03 1.646806955337524414e+00
3.956329226493835449e-01 2.505989746093750000e+03 1.257898437500000000e+03 1.584860086441040039e-01 1.575780659914016724e-01 3.228883445262908936e-01 2.272024658203125000e+03 2.294774169921875000e+03 2.272032714843750000e+03 -1.037604082375764847e-02 2.238629638671875000e+03 1.984281127929687500e+03 1.599002480506896973e+00
4.005832374095916748e-01 2.458645507812500000e+03 1.234487304687500000e+03 1.516870409250259399e-01 1.508178859949111938e-01 2.834695577621459961e-01 2.229159423828125000e+03 2.251480468750000000e+03 2.229167480468750000e+03 -1.018027868121862411e-02 2.196329101562500000e+03 1.947348632812500000e+03 1.545913219451904297e+00
4.055335223674774170e-01 2.413030273437500000e+03 1.214428100585937500e+03 1.453221589326858521e-01 1.444890648126602173e-01 3.109016418457031250e-01 2.188278564453125000e+03 2.210189941406250000e+03 2.188286376953125000e+03 -9.993576444685459137e-03 2.155855468750000000e+03 1.912946289062500000e+03 1.489806890487670898e+00
4.104838371276855469e-01 2.368954833984375000e+03 1.196501831054687500e+03 1.393336951732635498e-01 1.385344564914703369e-01 2.634194791316986084e-01 2.149020996093750000e+03 2.170539794921875000e+03 2.149028564453125000e+03 -9.814290329813957214e-03 2.116913085937500000e+03 1.880300292968750000e+03 1.433687567710876465e+00
4.154341518878936768e-01 2.326223632812500000e+03 1.179364868164062500e+03 1.336644142866134644e-01 1.328972578048706055e-01 2.701499164104461670e-01 2.111001953125000000e+03 2.132139648437500000e+03 2.111009033203125000e+03 -9.640657342970371246e-03 2.079201660156250000e+03 1.848630371093750000e+03 1.380433559417724609e+00
4.203844666481018066e-01 2.284684570312500000e+03 1.161891235351562500e+03 1.282679885625839233e-01 1.275314837694168091e-01 2.549761831760406494e-01 2.073906982421875000e+03 2.094673339843750000e+03 2.073913818359375000e+03 -9.471246972680091858e-03 2.042478393554687500e+03 1.817321411132812500e+03 1.332143783569335938e+00
4.253347814083099365e-01 2.244215332031250000e+03 1.143359863281250000e+03 1.231137067079544067e-01 1.224066466093063354e-01 2.564565241336822510e-01 2.037514770507812500e+03 2.057916748046875000e+03 2.037521362304687500e+03 -9.305045008659362793e-03 2.006546752929687500e+03 1.785982910156250000e+03 1.289781689643859863e+00
4.302850663661956787e-01 2.204710693359375000e+03 1.123526489257812500e+03 1.181827634572982788e-01 1.175040677189826965e-01 2.172397375106811523e-01 2.001697387695312500e+03 2.021741088867187500e+03 2.001703613281250000e+03 -9.141470305621623993e-03 1.971272583007812500e+03 1.754481201171875000e+03 1.253135323524475098e+00
4.352353811264038086e-01 2.166108398437500000e+03 1.102610717773437500e+03 1.134656071662902832e-01 1.128141880035400391e-01 2.458174079656600952e-01 1.966441406250000000e+03 1.986131835937500000e+03 1.966447509765625000e+03 -8.980457670986652374e-03 1.936625000000000000e+03 1.722952636718750000e+03 1.221058368682861328e+00
4.401856958866119385e-01 2.128410644531250000e+03 1.081186157226562500e+03 1.089601293206214905e-01 1.083348244428634644e-01 2.131087779998779297e-01 1.931843994140625000e+03 1.951188232421875000e+03 1.931849731445312500e+03 -8.822454139590263367e-03 1.902676269531250000e+03 1.691734619140625000e+03 1.191896677017211914e+00
4.451360106468200684e-01 2.091669189453125000e+03 1.059987304687500000e+03 1.046699211001396179e-01 1.040694639086723328e-01 2.066313326358795166e-01 1.898070800781250000e+03 1.917076904296875000e+03 1.898076416015625000e+03 -8.668214082717895508e-03 1.869551025390625000e+03 1.661237792968750000e+03 1.163956284523010254e+00
4.500862956047058105e-01 2.055935546875000000e+03 1.039689453125000000e+03 1.005973964929580688e-01 1.000204831361770630e-01 2.061441540718078613e-01 1.865277709960937500e+03 1.883955322265625000e+03 1.865283081054687500e+03 -8.518450893461704254e-03 1.837363037109375000e+03 1.631813598632812500e+03 1.135881662368774414e+00
4.550366103649139404e-01 2.021220581054687500e+03 1.020738403320312500e+03 9.673897922039031982e-02 9.618428349494934082e-02 2.032422870397567749e-01 1.833548217773437500e+03 1.851908081054687500e+03 1.833553344726562500e+03 -8.373544551432132721e-03 1.806169555664062500e+03 1.603664428710937500e+03 1.106883764266967773e+00
4.599869251251220703e-01 1.987498413085937500e+03 1.003289428710937500e+03 9.308472275733947754e-02 9.255099296569824219e-02 1.726150512695312500e-01 1.802886718750000000e+03 1.820939941406250000e+03 1.802891723632812500e+03 -8.233516477048397064e-03 1.775968261718750000e+03 1.576823486328125000e+03 1.076802015304565430e+00
4.649372398853302002e-01 1.954739257812500000e+03 9.872448730468750000e+02 8.962126821279525757e-02 8.910731971263885498e-02 1.952150464057922363e-01 1.773253295898437500e+03 1.791009521484375000e+03 1.773258056640625000e+03 -8.098182268440723419e-03 1.746728271484375000e+03 1.551195434570312500e+03 1.046014666557312012e+00
4.698875248432159424e-01 1.922919067382812500e+03 9.723244628906250000e+02 8.633313328027725220e-02 8.583793789148330688e-02 1.728149503469467163e-01 1.744579956054687500e+03 1.762049194335937500e+03 1.744584472656250000e+03 -7.967233657836914062e-03 1.718404907226562500e+03 1.526604125976562500e+03 1.015240788459777832e+00
4.748378396034240723e-01 1.891988647460937500e+03 9.581296386718750000e+02 8.320388197898864746e-02 8.272652328014373779e-02 1.636545956134796143e-01 1.716760131835937500e+03 1.733950927734375000e+03 1.716764648437500000e+03 -7.840183563530445099e-03 1.690917236328125000e+03 1.502812255859375000e+03 9.852980971336364746e-01
4.797881543636322021e-01 1.861859252929687500e+03 9.442277221679687500e+02 8.021699637174606323e-02 7.975666224956512451e-02 1.661326587200164795e-01 1.689648559570312500e+03 1.706567871093750000e+03 1.689652832031250000e+03 -7.716367021203041077e-03 1.664139404296875000e+03 1.479554077148437500e+03 9.568856358528137207e-01
4.847384691238403320e-01 1.832442993164062500e+03 9.302743530273437500e+02 7.735854387283325195e-02 7.691456377506256104e-02 1.653103381395339966e-01 1.663114746093750000e+03 1.679768310546875000e+03 1.663118896484375000e+03 -7.595189381390810013e-03 1.637953369140625000e+03 1.456618041992187500e+03 9.304377436637878418e-01
4.896887540817260742e-01 1.803695800781250000e+03 9.161029663085937500e+02 7.461896538734436035e-02 7.419069856405258179e-02 1.386248916387557983e-01 1.637094482421875000e+03 1.653487792968750000e+03 1.637098510742187500e+03 -7.476357743144035339e-03 1.612303100585937500e+03 1.433914672851562500e+03 9.060642719268798828e-01
4.946390688419342041e-01 1.775610351562500000e+03 9.017255249023437500e+02 7.199261337518692017e-02 7.157944887876510620e-02 1.551692783832550049e-01 1.611584594726562500e+03 1.627722167968750000e+03 1.611588500976562500e+03 -7.359855808317661285e-03 1.587186401367187500e+03 1.411466674804687500e+03 8.835768699645996094e-01
4.995893836021423340e-01 1.748176269531250000e+03 8.872675781250000000e+02 6.947562098503112793e-02 6.907694786787033081e-02 1.466482281684875488e-01 1.586596679687500000e+03 1.602484130859375000e+03 1.586600341796875000e+03 -7.245738990604877472e-03 1.562607543945312500e+03 1.389347045898437500e+03 8.625787496566772461e-01
5.045396685600280762e-01 1.721367797851562500e+03 8.729077148437500000e+02 6.706494837999343872e-02 6.668016314506530762e-02 1.271136850118637085e-01 1.562139526367187500e+03 1.577782226562500000e+03 1.562143066406250000e+03 -7.134045008569955826e-03 1.538560913085937500e+03 1.367639404296875000e+03 8.425852060317993164e-01
5.094900131225585938e-01 1.695171752929687500e+03 8.588498535156250000e+02 6.475818902254104614e-02 6.438669562339782715e-02 1.369450837373733521e-01 1.538237182617187500e+03 1.553640380859375000e+03 1.538240600585937500e+03 -7.024885620921850204e-03 1.515056030273437500e+03 1.346440185546875000e+03 8.231432437896728516e-01
5.144402980804443359e-01 1.669602783203125000e+03 8.452877807617187500e+02 6.255318224430084229e-02 6.219437718391418457e-02 1.363250315189361572e-01 1.514933471679687500e+03 1.530103271484375000e+03 1.514936767578125000e+03 -6.918459665030241013e-03 1.492129394531250000e+03 1.325850830078125000e+03 8.039219379425048828e-01
5.193906426429748535e-01 1.644674804687500000e+03 8.323456420898437500e+02 6.044700369238853455e-02 6.010029464960098267e-02 1.127888038754463196e-01 1.492260620117187500e+03 1.507203613281250000e+03 1.492263916015625000e+03 -6.814915686845779419e-03 1.469809448242187500e+03 1.305932739257812500e+03 7.847582101821899414e-01
5.243409276008605957e-01 1.620370239257812500e+03 8.200361328125000000e+02 5.843500047922134399e-02 5.809982120990753174e-02 1.246894448995590210e-01 1.470207031250000000e+03 1.484929077148437500e+03 1.470210205078125000e+03 -6.714199203997850418e-03 1.448082519531250000e+03 1.286671142578125000e+03 7.656543254852294922e-01
5.292912125587463379e-01 1.596648681640625000e+03 8.082777099609375000e+02 5.651103332638740540e-02 5.618686601519584656e-02 1.235123425722122192e-01 1.448725219726562500e+03 1.463232055664062500e+03 1.448728149414062500e+03 -6.616094149649143219e-03 1.426903076171875000e+03 1.267992919921875000e+03 7.467404603958129883e-01
5.342415571212768555e-01 1.573480224609375000e+03 7.969517211914062500e+02 5.466898530721664429e-02 5.435536056756973267e-02 1.029901057481765747e-01 1.427770507812500000e+03 1.442067749023437500e+03 1.427773315429687500e+03 -6.520396098494529724e-03 1.406234008789062500e+03 1.249816406250000000e+03 7.282158732414245605e-01
5.391918420791625977e-01 1.550853881835937500e+03 7.859409790039062500e+02 5.290345847606658936e-02 5.259993672370910645e-02 1.127328127622604370e-01 1.407314819335937500e+03 1.421407104492187500e+03 1.407317626953125000e+03 -6.426977459341287613e-03 1.386056762695312500e+03 1.232077026367187500e+03 7.102854251861572266e-01
5.441421270370483398e-01 1.528752807617187500e+03 7.751339111328125000e+02 5.120934173464775085e-02 5.091552063822746277e-02 1.118791326880455017e-01 1.387325195312500000e+03 1.401217407226562500e+03 1.387327880859375000e+03 -6.335686892271041870e-03 1.366347045898437500e+03 1.214711791992187500e+03 6.931070089340209961e-01
5.490924715995788574e-01 1.507140136718750000e+03 7.644320068359375000e+02 4.958185181021690369e-02 4.929735884070396423e-02 9.589713066816329956e-02 1.367754760742187500e+03 1.381451049804687500e+03 1.367757446289062500e+03 -6.246311124414205551e-03 1.347059326171875000e+03 1.197653564453125000e+03 6.767591834068298340e-01
5.540427565574645996e-01 1.485977294921875000e+03 7.537783203125000000e+02 4.801696911454200745e-02 4.774145409464836121e-02 9.876974672079086304e-02 1.348562622070312500e+03 1.362066772460937500e+03 1.348565063476562500e+03 -6.158662959933280945e-03 1.328151367187500000e+03 1.180857421875000000e+03 6.612328290939331055e-01
5.589931011199951172e-01 1.465252685546875000e+03 7.431837768554687500e+02 4.651187360286712646e-02 4.624500498175621033e-02 1.069286987185478210e-01 1.329740966796875000e+03 1.343056518554687500e+03 1.329743408203125000e+03 -6.072706077247858047e-03 1.309615478515625000e+03 1.164328613281250000e+03 6.464459896087646484e-01
5.639433860778808594e-01 1.444974243164062500e+03 7.327094116210937500e+02 4.506468400359153748e-02 4.480613395571708679e-02 8.284612745046615601e-02 1.311305908203125000e+03 1.324437133789062500e+03 1.311308349609375000e+03 -5.988515913486480713e-03 1.291468017578125000e+03 1.148108276367187500e+03 6.322718262672424316e-01
5.688936710357666016e-01 1.425138916015625000e+03 7.224206542968750000e+02 4.367370530962944031e-02 4.342314973473548889e-02 9.380932152271270752e-02 1.293266967773437500e+03 1.306217285156250000e+03 1.293269287109375000e+03 -5.906133912503719330e-03 1.273714111328125000e+03 1.132229736328125000e+03 6.185711622238159180e-01
5.738440155982971191e-01 1.405726318359375000e+03 7.123633422851562500e+02 4.233678057789802551e-02 4.209390655159950256e-02 9.426844865083694458e-02 1.275614257812500000e+03 1.288387939453125000e+03 1.275616577148437500e+03 -5.825516767799854279e-03 1.256338623046875000e+03 1.116703125000000000e+03 6.052219271659851074e-01
5.787943005561828613e-01 1.386718994140625000e+03 7.025720825195312500e+02 4.105178266763687134e-02 4.081628844141960144e-02 8.047538995742797852e-02 1.258339599609375000e+03 1.270940307617187500e+03 1.258341796875000000e+03 -5.746625829488039017e-03 1.239329589843750000e+03 1.101533813476562500e+03 5.921396017074584961e-01
5.837445855140686035e-01 1.368117919921875000e+03 6.930762329101562500e+02 3.981682658195495605e-02 3.958841785788536072e-02 7.961396127939224243e-02 1.241448486328125000e+03 1.253880126953125000e+03 1.241450561523437500e+03 -5.669486243277788162e-03 1.222692504882812500e+03 1.086734741210937500e+03 5.792863965034484863e-01
6.080673336982727051e-01 1.282330932617187500e+03 6.500992431640625000e+02 3.439942002296447754e-02 3.420206904411315918e-02 7.263237982988357544e-02 1.163684814453125000e+03 1.175337890625000000e+03 1.163686645507812500e+03 -5.314349662512540817e-03 1.146063476562500000e+03 1.018862915039062500e+03 5.202950835227966309e-01
7.477826476097106934e-01 9.205905761718750000e+02 4.667442932128906250e+02 1.633129082620143890e-02 1.623760163784027100e-02 4.015518724918365479e-02 8.354199218750000000e+02 8.437858276367187500e+02 8.354208374023437500e+02 -3.815210890024900436e-03 8.227318115234375000e+02 7.314805908203125000e+02 3.035119771957397461e-01
9.270643591880798340e-01 6.489532470703125000e+02 3.290744323730468750e+02 7.491159252822399139e-03 7.448186632245779037e-03 2.013682760298252106e-02 5.889224243164062500e+02 5.948198852539062500e+02 5.889227905273437500e+02 -2.689497312530875206e-03 5.799528808593750000e+02 5.156833496093750000e+02 1.724277734756469727e-01
1.149329066276550293e+00 4.552446594238281250e+02 2.308768920898437500e+02 3.419432090595364571e-03 3.399817505851387978e-03 1.038214191794395447e-02 4.131375122070312500e+02 4.172747192382812500e+02 4.131376953125000000e+02 -1.886719022877514362e-03 4.068301086425781250e+02 3.617778320312500000e+02 9.749552607536315918e-02
1.424882054328918457e+00 3.179534606933593750e+02 1.612667388916015625e+02 1.553958398289978504e-03 1.545044826343655586e-03 3.747787326574325562e-03 2.885476684570312500e+02 2.914372558593750000e+02 2.885477294921875000e+02 -1.317740534432232380e-03 2.841334533691406250e+02 2.526869964599609375e+02 5.489147081971168518e-02
1.766499161720275879e+00 2.211798400878906250e+02 1.121932525634765625e+02 7.033682195469737053e-04 6.993337301537394524e-04 2.212994033470749855e-03 2.007258148193359375e+02 2.027359619140625000e+02 2.007258605957031250e+02 -9.166751406155526638e-04 1.976497955322265625e+02 1.757856292724609375e+02 3.078449517488479614e-02
2.190019369125366211e+00 1.533028564453125000e+02 7.776870727539062500e+01 3.172081778757274151e-04 3.153887519147247076e-04 8.744501392357051373e-04 1.391268920898437500e+02 1.405201568603515625e+02 1.391269073486328125e+02 -6.353647913783788681e-04 1.369916687011718750e+02 1.218436965942382812e+02 1.720358617603778839e-02
2.715079069137573242e+00 1.059049453735351562e+02 5.372783279418945312e+01 1.425816735718399286e-04 1.417638850398361683e-04 1.741529849823564291e-04 9.611246490478515625e+01 9.707497406005859375e+01 9.611247253417968750e+01 -4.389263922348618507e-04 9.463549041748046875e+01 8.417457580566406250e+01 9.582959115505218506e-03
3.366022348403930664e+00 7.294027709960937500e+01 3.700614166259765625e+01 6.389477493939921260e-05 6.352830678224563599e-05 1.768234214978292584e-04 6.619619750976562500e+01 6.685911560058593750e+01 6.619620513916015625e+01 -3.023047465831041336e-04 6.517780303955078125e+01 5.797499847412109375e+01 5.322273820638656616e-03
4.173029899597167969e+00 5.009749603271484375e+01 2.541805839538574219e+01 2.855365892173722386e-05 2.838989712472539395e-05 2.486703306203708053e-05 4.546566009521484375e+01 4.592097473144531250e+01 4.546566390991210938e+01 -2.076325472444295883e-04 4.476550674438476562e+01 3.981938934326171875e+01 2.947985427454113960e-03
5.173518657684326172e+00 3.432092285156250000e+01 1.741406822204589844e+01 1.272770987270632759e-05 1.265471473743673414e-05 4.532893217401579022e-05 3.114783287048339844e+01 3.145976066589355469e+01 3.114783287048339844e+01 -1.422458881279453635e-04 3.066775131225585938e+01 2.727961730957031250e+01 1.628872472792863846e-03
6.413876056671142578e+00 2.345776748657226562e+01 1.190248584747314453e+01 5.660061560774920508e-06 5.627601694868644699e-06 1.947029159055091441e-05 2.128905868530273438e+01 2.150225830078125000e+01 2.128906059265136719e+01 -9.722285176394507289e-05 2.096068763732910156e+01 1.864493560791015625e+01 8.980154525488615036e-04
7.951610088348388672e+00 1.599843788146972656e+01 8.117681503295898438e+00 2.511612819944275543e-06 2.497209607099648565e-06 1.340981270914198831e-05 1.451936721801757812e+01 1.466477012634277344e+01 1.451936721801757812e+01 -6.630702409893274307e-05 1.429527378082275391e+01 1.271564579010009766e+01 4.940969520248472691e-04
9.858017921447753906e+00 1.088938522338867188e+01 5.525262832641601562e+00 1.112285644921939820e-06 1.105907585952081718e-06 -1.442548835939305718e-07 9.882641792297363281e+00 9.981610298156738281e+00 9.882641792297363281e+00 -4.513203384703956544e-05 9.730037689208984375e+00 8.654435157775878906e+00 2.713777939788997173e-04
1.222148799896240234e+01 7.398237228393554688e+00 3.753711700439453125e+00 4.916720399705809541e-07 4.888530042990169022e-07 2.098243612635997124e-06 6.714231967926025391e+00 6.781471729278564453e+00 6.714231967926025391e+00 -3.066254794248379767e-05 6.610518932342529297e+00 5.879223346710205078e+00 1.488268171669915318e-04
1.515160465240478516e+01 5.017757415771484375e+00 2.545702219009399414e+00 2.169632580262259580e-07 2.157194813889873330e-07 6.113234007898427080e-07 4.553805828094482422e+00 4.599409580230712891e+00 4.553805828094482422e+00 -2.079631303786300123e-05 4.483454227447509766e+00 3.986851930618286133e+00 8.151976362569257617e-05
1.878421783447265625e+01 3.397821187973022461e+00 1.723603367805480957e+00 9.558713287560749450e-08 9.503931153176381486e-08 -8.414585295213328209e-08 3.083611249923706055e+00 3.114491939544677734e+00 3.083611249923706055e+00 -1.408223215548787266e-05 3.035979747772216797e+00 2.699030160903930664e+00 4.461536445887759328e-05
2.328775596618652344e+01 2.297458887100219727e+00 1.165154695510864258e+00 4.204932224638469052e-08 4.180841628453890735e-08 -3.817711302644966054e-08 2.084958553314208984e+00 2.105838298797607422e+00 2.084958553314208984e+00 -9.521585525362752378e-06 2.052770614624023438e+00 1.824221849441528320e+00 2.440977550577372313e-05
2.887102317810058594e+01 1.551295518875122070e+00 7.864452600479125977e-01 1.847153363598863507e-08 1.836576579705706536e-08 -1.984728470461050165e-07 1.407761335372924805e+00 1.421859383583068848e+00 1.407761335372924805e+00 -6.428962024074280635e-06 1.386052727699279785e+00 1.230973243713378906e+00 1.335993511020205915e-05
3.579288482666015625e+01 1.046115279197692871e+00 5.300280451774597168e-01 8.103307358453548659e-09 8.056947997658880922e-09 3.427077066575634490e-09 9.492710232734680176e-01 9.587774276733398438e-01 9.492710232734680176e-01 -4.335129233368206769e-06 9.346619248390197754e-01 8.292907476425170898e-01 7.322133114939788356e-06
