9.7290767371e-06 1.1855716406e+05 1.1855715625e+05 1.5807596875e+05 1.5807589062e+05 1.4760637500e+05 1.1884518750e+05 1.1855716406e+05 1.2727716406e+05 -6.0713851452e-01 1.1819312500e+05 1.1819311719e+05 7.0962679386e-01
1.0741888218e-05 1.1855715625e+05 1.1855714844e+05 1.5807589062e+05 1.5807581250e+05 1.4760631250e+05 1.1884517969e+05 1.1855715625e+05 1.2727714844e+05 -6.0713851452e-01 1.1819311719e+05 1.1819310938e+05 7.8349995613e-01
1.1860135601e-05 1.1855714844e+05 1.1855714844e+05 1.5807581250e+05 1.5807571875e+05 1.4760623438e+05 1.1884517188e+05 1.1855714844e+05 1.2727714062e+05 -6.0713845491e-01 1.1819310938e+05 1.1819310938e+05 8.6506342888e-01
1.3094793758e-05 1.1855714062e+05 1.1855713281e+05 1.5807571875e+05 1.5807560938e+05 1.4760614062e+05 1.1884516406e+05 1.1855714062e+05 1.2727712500e+05 -6.0713833570e-01 1.1819310938e+05 1.1819310938e+05 9.5511776209e-01
1.4457981706e-05 1.1855714062e+05 1.1855711719e+05 1.5807560938e+05 1.5807546875e+05 1.4760601562e+05 1.1884516406e+05 1.1855714062e+05 1.2727711719e+05 -6.0713827610e-01 1.1819309375e+05 1.1819309375e+05 1.0545469522e+00
1.5963079932e-05 1.1855712500e+05 1.1855710938e+05 1.5807546875e+05 1.5807529688e+05 1.4760585938e+05 1.1884514844e+05 1.1855712500e+05 1.2727708594e+05 -6.0713821650e-01 1.1819309375e+05 1.1819307812e+05 1.1643267870e+00
1.7624859538e-05 1.1855711719e+05 1.1855709375e+05 1.5807531250e+05 1.5807509375e+05 1.4760568750e+05 1.1884513281e+05 1.1855711719e+05 1.2727707031e+05 -6.0713809729e-01 1.1819307812e+05 1.1819306250e+05 1.2855348587e+00
1.9459634132e-05 1.1855710156e+05 1.1855707031e+05 1.5807509375e+05 1.5807484375e+05 1.4760546875e+05 1.1884511719e+05 1.1855710156e+05 1.2727703906e+05 -6.0713791847e-01 1.1819306250e+05 1.1819305469e+05 1.4193608761e+00
2.1485411708e-05 1.1855708594e+05 1.1855705469e+05 1.5807484375e+05 1.5807453125e+05 1.4760520312e+05 1.1884510156e+05 1.1855707812e+05 1.2727700000e+05 -6.0713773966e-01 1.1819304688e+05 1.1819303125e+05 1.5671181679e+00
2.3722077458e-05 1.1855707031e+05 1.1855701562e+05 1.5807454688e+05 1.5807415625e+05 1.4760489062e+05 1.1884506250e+05 1.1855705469e+05 1.2727696094e+05 -6.0713756084e-01 1.1819302344e+05 1.1819301562e+05 1.7302571535e+00
2.6191581128e-05 1.1855703906e+05 1.1855698438e+05 1.5807417188e+05 1.5807370312e+05 1.4760448438e+05 1.1884503906e+05 1.1855702344e+05 1.2727690625e+05 -6.0713732243e-01 1.1819299219e+05 1.1819297656e+05 1.9103791714e+00
2.8918164389e-05 1.1855701562e+05 1.1855694531e+05 1.5807371875e+05 1.5807314062e+05 1.4760400000e+05 1.1884500000e+05 1.1855700000e+05 1.2727684375e+05 -6.0713702440e-01 1.1819296875e+05 1.1819294531e+05 2.1092519760e+00
3.1928590033e-05 1.1855697656e+05 1.1855689062e+05 1.5807317188e+05 1.5807246875e+05 1.4760342188e+05 1.1884496094e+05 1.1855696094e+05 1.2727676562e+05 -6.0713660717e-01 1.1819292969e+05 1.1819289844e+05 2.3288273811e+00
3.5252403904e-05 1.1855692969e+05 1.1855682812e+05 1.5807250000e+05 1.5807165625e+05 1.4760270312e+05 1.1884490625e+05 1.1855691406e+05 1.2727667969e+05 -6.0713618994e-01 1.1819288281e+05 1.1819285156e+05 2.5712609291e+00
3.8922233216e-05 1.1855687500e+05 1.1855675781e+05 1.5807167188e+05 1.5807064062e+05 1.4760182812e+05 1.1884484375e+05 1.1855685156e+05 1.2727656250e+05 -6.0713559389e-01 1.1819282031e+05 1.1819277344e+05 2.8389313221e+00
4.2974097596e-05 1.1855680469e+05 1.1855667188e+05 1.5807067188e+05 1.5806942188e+05 1.4760076562e+05 1.1884475781e+05 1.1855678125e+05 1.2727642969e+05 -6.0713499784e-01 1.1819275000e+05 1.1819269531e+05 3.1344666481e+00
4.7447763791e-05 1.1855672656e+05 1.1855655469e+05 1.5806945312e+05 1.5806792188e+05 1.4759946875e+05 1.1884465625e+05 1.1855668750e+05 1.2727626562e+05 -6.0713410378e-01 1.1819266406e+05 1.1819260156e+05 3.4607665539e+00
5.2387149481e-05 1.1855662500e+05 1.1855642188e+05 1.5806796875e+05 1.5806609375e+05 1.4759789062e+05 1.1884453906e+05 1.1855659375e+05 1.2727605469e+05 -6.0713309050e-01 1.1819256250e+05 1.1819248438e+05 3.8210339546e+00
5.7840730733e-05 1.1855650000e+05 1.1855625000e+05 1.5806615625e+05 1.5806387500e+05 1.4759598438e+05 1.1884439062e+05 1.1855646094e+05 1.2727580469e+05 -6.0713189840e-01 1.1819243750e+05 1.1819233594e+05 4.2188043594e+00
6.3862040406e-05 1.1855635938e+05 1.1855605469e+05 1.5806395312e+05 1.5806117188e+05 1.4759362500e+05 1.1884421094e+05 1.1855629688e+05 1.2727549219e+05 -6.0713040829e-01 1.1819228125e+05 1.1819215625e+05 4.6579823494e+00
7.0510177466e-05 1.1855617188e+05 1.1855580469e+05 1.5806126562e+05 1.5805785938e+05 1.4759078125e+05 1.1884399219e+05 1.1855610938e+05 1.2727512500e+05 -6.0712862015e-01 1.1819208594e+05 1.1819193750e+05 5.1428761482e+00
7.7850389061e-05 1.1855594531e+05 1.1855549219e+05 1.5805796875e+05 1.5805384375e+05 1.4758729688e+05 1.1884372656e+05 1.1855587500e+05 1.2727467188e+05 -6.0712635517e-01 1.1819186719e+05 1.1819168750e+05 5.6782455444e+00
8.5954736278e-05 1.1855567969e+05 1.1855512500e+05 1.5805396875e+05 1.5804892188e+05 1.4758304688e+05 1.1884339844e+05 1.1855558594e+05 1.2727410938e+05 -6.0712373257e-01 1.1819158594e+05 1.1819135938e+05 6.2693438530e+00
9.4902752608e-05 1.1855535938e+05 1.1855467188e+05 1.5804910938e+05 1.5804295312e+05 1.4757787500e+05 1.1884300781e+05 1.1855525000e+05 1.2727344531e+05 -6.0712039471e-01 1.1819124219e+05 1.1819097656e+05 6.9219698906e+00
1.0478227341e-04 1.1855496094e+05 1.1855413281e+05 1.5804315625e+05 1.5803565625e+05 1.4757156250e+05 1.1884252344e+05 1.1855481250e+05 1.2727261719e+05 -6.0711640120e-01 1.1819082031e+05 1.1819049219e+05 7.6425290108e+00
1.1569027265e-04 1.1855446875e+05 1.1855346094e+05 1.5803590625e+05 1.5802678125e+05 1.4756385938e+05 1.1884193750e+05 1.1855430469e+05 1.2727161719e+05 -6.0711157322e-01 1.1819031250e+05 1.1818992188e+05 8.4380893707e+00
1.2773380149e-04 1.1855387500e+05 1.1855264844e+05 1.5802707812e+05 1.5801593750e+05 1.4755450000e+05 1.1884121875e+05 1.1855367188e+05 1.2727039062e+05 -6.0710555315e-01 1.1818968750e+05 1.1818921875e+05 9.3164548874e+00
1.4103107969e-04 1.1855315625e+05 1.1855166406e+05 1.5801631250e+05 1.5800273438e+05 1.4754306250e+05 1.1884034375e+05 1.1855289062e+05 1.2726889844e+05 -6.0709828138e-01 1.1818894531e+05 1.1818835938e+05 1.0286241531e+01
1.5571263793e-04 1.1855226562e+05 1.1855044531e+05 1.5800320312e+05 1.5798664062e+05 1.4752914062e+05 1.1883927344e+05 1.1855196094e+05 1.2726708594e+05 -6.0708951950e-01 1.1818801562e+05 1.1818730469e+05 1.1356959343e+01
1.7192255473e-04 1.1855119531e+05 1.1854897656e+05 1.5798720312e+05 1.5796701562e+05 1.4751214062e+05 1.1883797656e+05 1.1855081250e+05 1.2726487500e+05 -6.0707873106e-01 1.1818689062e+05 1.1818603125e+05 1.2539108276e+01
1.8981995527e-04 1.1854987500e+05 1.1854717969e+05 1.5796768750e+05 1.5794309375e+05 1.4749145312e+05 1.1883638281e+05 1.1854942969e+05 1.2726217188e+05 -6.0706555843e-01 1.1818552344e+05 1.1818446875e+05 1.3844276428e+01
2.0958049572e-04 1.1854828125e+05 1.1854499219e+05 1.5794392188e+05 1.5791395312e+05 1.4746621875e+05 1.1883445312e+05 1.1854772656e+05 1.2725888281e+05 -6.0704952478e-01 1.1818385156e+05 1.1818256250e+05 1.5285255432e+01
2.3139815312e-04 1.1854633594e+05 1.1854232031e+05 1.5791495312e+05 1.5787843750e+05 1.4743548438e+05 1.1883209375e+05 1.1854565625e+05 1.2725487500e+05 -6.0702997446e-01 1.1818182031e+05 1.1818025000e+05 1.6876163483e+01
2.5548704434e-04 1.1854396094e+05 1.1853906250e+05 1.5787964062e+05 1.5783512500e+05 1.4739801562e+05 1.1882922656e+05 1.1854313281e+05 1.2724998438e+05 -6.0700619221e-01 1.1817933594e+05 1.1817742188e+05 1.8632577896e+01
2.8208363801e-04 1.1854107031e+05 1.1853509375e+05 1.5783662500e+05 1.5778235938e+05 1.4735232812e+05 1.1882572656e+05 1.1854004688e+05 1.2724401562e+05 -6.0697716475e-01 1.1817631250e+05 1.1817398438e+05 2.0571693420e+01
3.1144896639e-04 1.1853753125e+05 1.1853025000e+05 1.5778415625e+05 1.5771806250e+05 1.4729667188e+05 1.1882146875e+05 1.1853630469e+05 1.2723676562e+05 -6.0694175959e-01 1.1817263281e+05 1.1816978906e+05 2.2712476730e+01
3.4387130290e-04 1.1853322656e+05 1.1852436719e+05 1.5772025000e+05 1.5763968750e+05 1.4722884375e+05 1.1881626562e+05 1.1853172656e+05 1.2722790625e+05 -6.0689866543e-01 1.1816814062e+05 1.1816467188e+05 2.5075859070e+01
3.7966881064e-04 1.1852799219e+05 1.1851717188e+05 1.5764235938e+05 1.5754421875e+05 1.4714618750e+05 1.1880992969e+05 1.1852615625e+05 1.2721712500e+05 -6.0684615374e-01 1.1816267188e+05 1.1815843750e+05 2.7684919357e+01
4.1919291834e-04 1.1852159375e+05 1.1850841406e+05 1.5754746875e+05 1.5742789062e+05 1.4704551562e+05 1.1880220312e+05 1.1851936719e+05 1.2720397656e+05 -6.0678207874e-01 1.1815600000e+05 1.1815084375e+05 3.0565111160e+01
4.6283152187e-04 1.1851380469e+05 1.1849774219e+05 1.5743184375e+05 1.5728620312e+05 1.4692284375e+05 1.1879279688e+05 1.1851108594e+05 1.2718795312e+05 -6.0670405626e-01 1.1814785938e+05 1.1814157812e+05 3.3744491577e+01
5.1101297140e-04 1.1850431250e+05 1.1848473438e+05 1.5729098438e+05 1.5711362500e+05 1.4677345312e+05 1.1878132031e+05 1.1850099219e+05 1.2716843750e+05 -6.0660898685e-01 1.1813793750e+05 1.1813028906e+05 3.7253993988e+01
5.6421023328e-04 1.1849273438e+05 1.1846887500e+05 1.5711942188e+05 1.5690345312e+05 1.4659151562e+05 1.1876734375e+05 1.1848869531e+05 1.2714465625e+05 -6.0649311543e-01 1.1812585938e+05 1.1811653906e+05 4.1127681732e+01
6.2294537202e-04 1.1847863281e+05 1.1844954688e+05 1.5691050000e+05 1.5664760938e+05 1.4637000000e+05 1.1875031250e+05 1.1847371094e+05 1.2711569531e+05 -6.0635203123e-01 1.1811113281e+05 1.1809976562e+05 4.5403064728e+01
6.8779493449e-04 1.1846145312e+05 1.1842599219e+05 1.5665612500e+05 1.5633623438e+05 1.4610037500e+05 1.1872955469e+05 1.1845545312e+05 1.2708041406e+05 -6.0618007183e-01 1.1809318750e+05 1.1807933594e+05 5.0121429443e+01
7.5939542148e-04 1.1844052344e+05 1.1839729688e+05 1.5634651562e+05 1.5595739062e+05 1.4577231250e+05 1.1870428125e+05 1.1843321094e+05 1.2703745312e+05 -6.0597074032e-01 1.1807132812e+05 1.1805442969e+05 5.5328163147e+01
8.3844963228e-04 1.1841501562e+05 1.1836233594e+05 1.5596978125e+05 1.5549667188e+05 1.4537331250e+05 1.1867348438e+05 1.1840609375e+05 1.2698514844e+05 -6.0571581125e-01 1.1804467969e+05 1.1802409375e+05 6.1073127747e+01
9.2573353322e-04 1.1838394531e+05 1.1831972656e+05 1.5551154688e+05 1.5493668750e+05 1.4488823438e+05 1.1863598438e+05 1.1837307812e+05 1.2692149219e+05 -6.0540544987e-01 1.1801221094e+05 1.1798712500e+05 6.7411056519e+01
1.0221038247e-03 1.1834610938e+05 1.1826784375e+05 1.5495448438e+05 1.5425648438e+05 1.4429890625e+05 1.1859032031e+05 1.1833286719e+05 1.2684404688e+05 -6.0502773523e-01 1.1797267188e+05 1.1794210156e+05 7.4401916504e+01
1.1285063811e-03 1.1830003906e+05 1.1820464062e+05 1.5427768750e+05 1.5343087500e+05 1.4358343750e+05 1.1853473438e+05 1.1828388281e+05 1.2674985938e+05 -6.0456818342e-01 1.1792450000e+05 1.1788725000e+05 8.2111328125e+01
1.2459856225e-03 1.1824393750e+05 1.1812768750e+05 1.5345601562e+05 1.5242978125e+05 1.4271570312e+05 1.1846710156e+05 1.1822426562e+05 1.2663536719e+05 -6.0400944948e-01 1.1786586719e+05 1.1782047656e+05 9.0610916138e+01
1.3756945264e-03 1.1817566406e+05 1.1803400781e+05 1.5245935938e+05 1.5121729688e+05 1.4166429688e+05 1.1838482812e+05 1.1815170312e+05 1.2649630469e+05 -6.0333037376e-01 1.1779445312e+05 1.1773915625e+05 9.9978698730e+01
1.5189064434e-03 1.1809260938e+05 1.1792000000e+05 1.5125179688e+05 1.4975085938e+05 1.4039215625e+05 1.1828479688e+05 1.1806340625e+05 1.2632750000e+05 -6.0250562429e-01 1.1770753125e+05 1.1764017969e+05 1.1029936981e+02
1.6770269722e-03 1.1799161719e+05 1.1778129688e+05 1.4979062500e+05 1.4798042188e+05 1.3885546875e+05 1.1816325000e+05 1.1795602344e+05 1.2612280469e+05 -6.0150480270e-01 1.1760177344e+05 1.1751974219e+05 1.2166448212e+02
1.8516080454e-03 1.1786885156e+05 1.1761262500e+05 1.4802553125e+05 1.4584748438e+05 1.3700293750e+05 1.1801564062e+05 1.1782549219e+05 1.2587485938e+05 -6.0029137135e-01 1.1747314062e+05 1.1737326562e+05 1.3417259216e+02
2.0443631802e-03 1.1771974219e+05 1.1740763281e+05 1.4589754688e+05 1.4328451562e+05 1.3477517188e+05 1.1783656250e+05 1.1766692188e+05 1.2557494531e+05 -5.9882211685e-01 1.1731676562e+05 1.1719518750e+05 1.4792903137e+02
2.2571845911e-03 1.1753878125e+05 1.1715865625e+05 1.4333835938e+05 1.4021467188e+05 1.3210418750e+05 1.1761950781e+05 1.1747444531e+05 1.2521279688e+05 -5.9704554081e-01 1.1712678906e+05 1.1697882812e+05 1.6304560852e+02
2.4921607692e-03 1.1731933594e+05 1.1685647656e+05 1.4026982812e+05 1.3655204688e+05 1.2891364062e+05 1.1735675000e+05 1.1724100781e+05 1.2477635938e+05 -5.9490120411e-01 1.1689616406e+05 1.1671616406e+05 1.7963966370e+02
2.7515986003e-03 1.1705357812e+05 1.1649011719e+05 1.3660414062e+05 1.3220307812e+05 1.2511961719e+05 1.1703914062e+05 1.1695821875e+05 1.2425171875e+05 -5.9231865406e-01 1.1661642188e+05 1.1639756250e+05 1.9783283997e+02
3.0380440876e-03 1.1673214062e+05 1.1604642188e+05 1.3224485938e+05 1.2706952344e+05 1.2063296094e+05 1.1665592188e+05 1.1661610156e+05 1.2362294531e+05 -5.8921623230e-01 1.1627750781e+05 1.1601153125e+05 2.1774902344e+02
3.3543091267e-03 1.1634404688e+05 1.1550985156e+05 1.2708946875e+05 1.2105359375e+05 1.1536323438e+05 1.1619453906e+05 1.1620287500e+05 1.2287208594e+05 -5.8550119400e-01 1.1586742969e+05 1.1554442969e+05 2.3951136780e+02
3.7034978159e-03 1.1587641406e+05 1.1486203906e+05 1.2103419531e+05 1.1406639062e+05 1.0922550781e+05 1.1564050000e+05 1.1570475000e+05 1.2197936719e+05 -5.8106946945e-01 1.1537209375e+05 1.1498012500e+05 2.6323815918e+02
4.0890378878e-03 1.1531432031e+05 1.1408153125e+05 1.1398179688e+05 1.0604030469e+05 1.0215040625e+05 1.1497724219e+05 1.1510569531e+05 1.2092353125e+05 -5.7580703497e-01 1.1477492969e+05 1.1429975000e+05 2.8903717041e+02
4.5147128403e-03 1.1464069531e+05 1.1314345312e+05 1.0585359375e+05 9.6946445312e+04 9.4098593750e+04 1.1418615625e+05 1.1438732031e+05 1.1968262500e+05 -5.6959295273e-01 1.1405677344e+05 1.1348136719e+05 3.1699853516e+02
4.9847010523e-03 1.1383626562e+05 1.1201928906e+05 9.6606562500e+04 8.6817335938e+04 8.5079820312e+04 1.1324670312e+05 1.1352878125e+05 1.1823507812e+05 -5.6230360270e-01 1.1319566406e+05 1.1249985938e+05 3.4718524170e+02
5.5036162958e-03 1.1287975000e+05 1.1067692188e+05 8.6256250000e+04 7.5774164062e+04 7.5232242188e+04 1.1213738281e+05 1.1250696875e+05 1.1656200781e+05 -5.5382966995e-01 1.1216926562e+05 1.1132925000e+05 3.7962176514e+02
6.0765510425e-03 1.1174796875e+05 1.0908046094e+05 7.4905328125e+04 6.4055507812e+04 6.4653316406e+04 1.1083407031e+05 1.1129653906e+05 1.1464703125e+05 -5.4405283928e-01 1.1094604688e+05 1.0993391406e+05 4.1428005981e+02
6.7091290839e-03 1.1041673438e+05 1.0719116406e+05 6.2775617188e+04 5.2041257812e+04 5.3686574219e+04 1.0931378906e+05 1.0987086719e+05 1.1248167969e+05 -5.3290635347e-01 1.0949865625e+05 1.0828192969e+05 4.5106390381e+02
7.4075595476e-03 1.0886168750e+05 1.0496802344e+05 5.0237917969e+04 4.0260113281e+04 4.2760066406e+04 1.0755387500e+05 1.0820275000e+05 1.1006573438e+05 -5.2035766840e-01 1.0779642969e+05 1.0633770312e+05 4.8979138184e+02
8.1786978990e-03 1.0705963281e+05 1.0236928906e+05 3.7829390625e+04 2.9364396484e+04 3.2452013672e+04 1.0553400781e+05 1.0626589062e+05 1.0740942969e+05 -5.0643920898e-01 1.0581043750e+05 1.0406705469e+05 5.3017687988e+02
9.0301129967e-03 1.0499021875e+05 9.9354335938e+04 2.6241833984e+04 2.0053208984e+04 2.3383035156e+04 1.0323676562e+05 1.0403645312e+05 1.0453239844e+05 -4.9124652147e-01 1.0351385938e+05 1.0143783594e+05 5.7181335449e+02
9.9701611325e-03 1.0263771094e+05 9.5886148438e+04 1.6259575195e+04 1.2931249023e+04 1.6128444336e+04 1.0064871094e+05 1.0149514062e+05 1.0146001562e+05 -4.7494158149e-01 1.0088597656e+05 9.8424085938e+04 6.1415582275e+02
1.1008069851e-02 9.9992703125e+04 9.1933968750e+04 8.6268515625e+03 8.3136201172e+03 1.1056378906e+04 9.7760617188e+04 9.8628914062e+04 9.8215515625e+04 -4.5773193240e-01 9.7915390625e+04 9.5009781250e+04 6.5650531006e+02
1.2154026888e-02 9.7053132812e+04 8.7476132812e+04 3.8412343750e+03 6.0325639648e+03 8.1456425781e+03 9.4566945312e+04 9.5432406250e+04 9.4808718750e+04 -4.3982562423e-01 9.4603000000e+04 9.1192195312e+04 6.9799078369e+02
1.3419279829e-02 9.3824250000e+04 8.2502578125e+04 1.9105728760e+03 5.3611796875e+03 6.8801206055e+03 9.1065210938e+04 9.1908273438e+04 9.1225187500e+04 -4.2136698961e-01 9.0963562500e+04 8.6984289062e+04 7.3754156494e+02
1.4816246927e-02 9.0317187500e+04 7.7017281250e+04 2.1775329590e+03 5.1975405273e+03 6.3496386719e+03 8.7256195312e+04 8.8066429688e+04 8.7423164062e+04 -4.0237525105e-01 8.7024632812e+04 8.2414882812e+04 7.7384088135e+02
1.6358640045e-02 8.6546523438e+04 7.1041007812e+04 3.3789812012e+03 4.5655273438e+03 5.6289775391e+03 8.3146218750e+04 8.3922507812e+04 8.3346421875e+04 -3.8272091746e-01 8.2822062500e+04 7.7525820312e+04 8.0525488281e+02
1.8061600626e-02 8.2528039062e+04 6.4616093750e+04 4.0881250000e+03 3.2199948730e+03 4.3177290039e+03 7.8751375000e+04 7.9496789062e+04 7.8954835938e+04 -3.6218181252e-01 7.8392734375e+04 7.2367320312e+04 8.2974169922e+02
1.9941840321e-02 7.8278523438e+04 5.7814855469e+04 3.4752246094e+03 1.8171446533e+03 2.8213291016e+03 7.4101601562e+04 7.4815437500e+04 7.4259070312e+04 -3.4058290720e-01 7.3768304688e+04 6.6995039062e+04 8.4478314209e+02
2.2017816082e-02 7.3818789062e+04 5.0752582031e+04 1.9110832520e+03 1.1969171143e+03 1.9055981445e+03 6.9240953125e+04 6.9915281250e+04 6.9330875000e+04 -3.1795462966e-01 6.8975796875e+04 6.1474144531e+04 8.4741265869e+02
2.4309905246e-02 6.9179312500e+04 4.3602691406e+04 6.6995294189e+02 1.1325555420e+03 1.7256956787e+03 6.4225066406e+04 6.4850964844e+04 6.4268585938e+04 -2.9459428787e-01 6.4043398438e+04 5.5887714844e+04 8.3442926025e+02
2.6840602979e-02 6.4405761719e+04 3.6608769531e+04 5.7039050293e+02 8.5457629395e+02 1.5624371338e+03 5.9125195312e+04 5.9701652344e+04 5.9160402344e+04 -2.7094581723e-01 5.9037429688e+04 5.0373777344e+04 8.0282556152e+02
2.9634749517e-02 5.9562035156e+04 3.0085708984e+04 9.2936657715e+02 6.3895434570e+02 1.0045276489e+03 5.4042589844e+04 5.4573734375e+04 5.4087273438e+04 -2.4753224850e-01 5.4039457031e+04 4.5098949219e+04 7.5036645508e+02
3.2719772309e-02 5.4729722656e+04 2.4402113281e+04 6.5649829102e+02 4.7583859253e+02 6.5679217529e+02 4.9112105469e+04 4.9597359375e+04 4.9144082031e+04 -2.2486995161e-01 4.9164164062e+04 4.0268132812e+04 6.7623632812e+02
3.6125950515e-02 5.0004808594e+04 1.9936460938e+04 1.7363853455e+02 3.5412261963e+02 6.5325799561e+02 4.4477449219e+04 4.4916320312e+04 4.4489746094e+04 -2.0354263484e-01 4.4538671875e+04 3.6087894531e+04 5.8182153320e+02
3.9886716753e-02 4.5490605469e+04 1.6999095703e+04 3.0176132202e+02 2.6384762573e+02 4.1215386963e+02 4.0269808594e+04 4.0668960938e+04 4.0285265625e+04 -1.8420997262e-01 4.0284339844e+04 3.2720318359e+04 4.7166864014e+02
4.3875388801e-02 4.1427785156e+04 1.5729294922e+04 2.0154641724e+02 2.0041673279e+02 3.1079553223e+02 3.6714246094e+04 3.7078808594e+04 3.6724980469e+04 -1.6789680719e-01 3.6619191406e+04 3.0293250000e+04 3.5860516357e+02
4.7864060849e-02 3.8037742188e+04 1.5801007812e+04 1.5809100342e+02 1.5719052124e+02 2.9135302734e+02 3.3937656250e+04 3.4274605469e+04 3.3946070312e+04 -1.5515871346e-01 3.3721152344e+04 2.8751271484e+04 2.5825503540e+02
5.1852732897e-02 3.5174535156e+04 1.6552667969e+04 1.2728142548e+02 1.2654309082e+02 1.7677114868e+02 3.1707378906e+04 3.2023140625e+04 3.1714156250e+04 -1.4493519068e-01 3.1361279297e+04 2.7677412109e+04 1.7670326233e+02
5.5841404945e-02 3.2728119141e+04 1.7418630859e+04 1.0441141510e+02 1.0379600525e+02 1.8970150757e+02 2.9840349609e+04 3.0137285156e+04 2.9845908203e+04 -1.3637787104e-01 2.9381404297e+04 2.6762576172e+04 1.1664428711e+02
5.9830076993e-02 3.0611339844e+04 1.7976746094e+04 8.6620704651e+01 8.6104110718e+01 1.3653929138e+02 2.8192216797e+04 2.8473177734e+04 2.8196828125e+04 -1.2883163989e-01 2.7664875000e+04 2.5794447266e+04 7.7755950928e+01
6.3818745315e-02 2.8724486328e+04 1.7944908203e+04 7.2232658386e+01 7.1799392700e+01 1.1262942505e+02 2.6634646484e+04 2.6900250000e+04 2.6638492188e+04 -1.2170307338e-01 2.6089910156e+04 2.4617621094e+04 5.7379474640e+01
6.7807421088e-02 2.6992541016e+04 1.7222560547e+04 6.0309696198e+01 5.9948482513e+01 1.0942154694e+02 2.5089001953e+04 2.5339160156e+04 2.5092212891e+04 -1.1463283002e-01 2.4570964844e+04 2.3171605469e+04 5.1329208374e+01
7.1796089411e-02 2.5373148438e+04 1.5878015625e+04 5.0323871613e+01 5.0025028229e+01 7.2109382629e+01 2.3531347656e+04 2.3766279297e+04 2.3534027344e+04 -1.0751152039e-01 2.3073644531e+04 2.1494044922e+04 5.4721561432e+01
7.5784765184e-02 2.3851552734e+04 1.4103773438e+04 4.1970451355e+01 4.1724700928e+01 7.4456336975e+01 2.1982533203e+04 2.2201931641e+04 2.1984767578e+04 -1.0043093562e-01 2.1606652344e+04 1.9694462891e+04 6.2756889343e+01
7.9773433506e-02 2.2426980469e+04 1.2153326172e+04 3.5039382935e+01 3.4837692261e+01 4.9815643311e+01 2.0483728516e+04 2.0688363281e+04 2.0485593750e+04 -9.3581110239e-02 2.0198927734e+04 1.7910570312e+04 7.1347373962e+01
8.3762109280e-02 2.1100734375e+04 1.0279373047e+04 2.9372179031e+01 2.9206024170e+01 3.3825847626e+01 1.9078701172e+04 1.9269425781e+04 1.9080267578e+04 -8.7159752846e-02 1.8878013672e+04 1.6267250977e+04 7.7523284912e+01
8.8712431490e-02 1.9597080078e+04 8.3702148438e+03 2.3864673615e+01 2.3732059479e+01 1.6674737930e+01 1.7521843750e+04 1.7697150391e+04 1.7523115234e+04 -8.0044835806e-02 1.7395724609e+04 1.4564018555e+04 7.9391830444e+01
9.3662753701e-02 1.8265226562e+04 7.1503847656e+03 1.9755807877e+01 1.9646926880e+01 7.4425702095e+00 1.6221874023e+04 1.6384253906e+04 1.6222925781e+04 -7.4104011059e-02 1.6128268555e+04 1.3330078125e+04 7.4305786133e+01
9.8613075912e-02 1.7114910156e+04 6.6710253906e+03 1.6723390579e+01 1.6630769730e+01 2.1950687408e+01 1.5195528320e+04 1.5347483398e+04 1.5196417969e+04 -6.9413460791e-02 1.5097422852e+04 1.2570398438e+04 6.3736385345e+01
1.0356339812e-01 1.6132164062e+04 6.7897456055e+03 1.4461294174e+01 1.4379921913e+01 3.0342454910e+01 1.4407164062e+04 1.4551139648e+04 1.4407933594e+04 -6.5810322762e-02 1.4278658203e+04 1.2181248047e+04 5.0372020721e+01
1.0851372033e-01 1.5281725586e+04 7.2382651367e+03 1.2707763672e+01 1.2634806633e+01 2.3385555267e+01 1.3782731445e+04 1.3920524414e+04 1.3783409180e+04 -6.2956191599e-02 1.3610553711e+04 1.1991041992e+04 3.7120349884e+01
1.1346404254e-01 1.4524120117e+04 7.7201293945e+03 1.1262528419e+01 1.1196723938e+01 1.2100162506e+01 1.3240203125e+04 1.3372674805e+04 1.3240802734e+04 -6.0476537794e-02 1.3025716797e+04 1.1825469727e+04 2.6310241699e+01
1.1841435730e-01 1.3826984375e+04 7.9943671875e+03 9.9937915802e+00 9.9347591400e+00 1.6640609741e+01 1.2712781250e+04 1.2839925781e+04 1.2713312500e+04 -5.8066267520e-02 1.2470844727e+04 1.1554891602e+04 1.9238945007e+01
1.2336467952e-01 1.3167482422e+04 7.9249506836e+03 8.8315153122e+00 8.7791986465e+00 1.5331347466e+01 1.2158675781e+04 1.2280284180e+04 1.2159146484e+04 -5.5534649640e-02 1.1912329102e+04 1.1114636719e+04 1.6082618713e+01
1.2831500173e-01 1.2532182617e+04 7.4949111328e+03 7.7535347939e+00 7.7078247070e+00 1.2706100464e+01 1.1564041992e+04 1.1679721680e+04 1.1564454102e+04 -5.2818119526e-02 1.1336683594e+04 1.0506106445e+04 1.6099578857e+01
1.3326533139e-01 1.1916087891e+04 6.7887773438e+03 6.7666873932e+00 6.7272305489e+00 1.0679480553e+01 1.0938948242e+04 1.1048388672e+04 1.0939308594e+04 -4.9962662160e-02 1.0747200195e+04 9.7821787109e+03 1.8010770798e+01
1.3821564615e-01 1.1321719727e+04 5.9538535156e+03 5.8897309303e+00 5.8558921814e+00 9.8586301804e+00 1.0310160156e+04 1.0413311523e+04 1.0310473633e+04 -4.7090444714e-02 1.0159314453e+04 9.0243232422e+03 2.0424314499e+01
1.4316597581e-01 1.0758744141e+04 5.1542724609e+03 5.1384873390e+00 5.1094069481e+00 8.3348722458e+00 9.7131074219e+03 9.8102949219e+03 9.7133808594e+03 -4.4363241643e-02 9.5979580078e+03 8.3207167969e+03 2.2189403534e+01
1.4811629057e-01 1.0240228516e+04 4.5267807617e+03 4.5169510841e+00 4.4916644096e+00 7.8294181824e+00 9.1814687500e+03 9.2733378906e+03 9.1817089844e+03 -4.1934810579e-02 9.0909980469e+03 7.7443105469e+03 2.2613939285e+01
1.5306662023e-01 9.7746074219e+03 4.1466074219e+03 4.0159945488e+00 3.9935805798e+00 6.8284211159e+00 8.7347705078e+03 8.8221767578e+03 8.7349853516e+03 -3.9894342422e-02 8.6560107422e+03 7.3311503906e+03 2.1527925491e+01
1.5801693499e-01 9.3607656250e+03 4.0151342773e+03 3.6168844700e+00 3.5965974331e+00 6.6862854958e+00 8.3723417969e+03 8.4561201172e+03 8.3725351562e+03 -3.8238719106e-02 8.2920937500e+03 7.0717778320e+03 1.9207950592e+01
1.6296726465e-01 8.9916806641e+03 4.0737841797e+03 3.2953672409e+00 3.2766916752e+00 5.5449342728e+00 8.0785747070e+03 8.1594218750e+03 8.0787500000e+03 -3.6896724254e-02 7.9862875977e+03 6.9243681641e+03 1.6207036972e+01
1.6791757941e-01 8.6590371094e+03 4.2308745117e+03 3.0262482166e+00 3.0088863373e+00 5.5633745193e+00 7.8312856445e+03 7.9096562500e+03 7.8314467773e+03 -3.5767022520e-02 7.7225136719e+03 6.8344384766e+03 1.3154251099e+01
1.7286789417e-01 8.3533447266e+03 4.3882065430e+03 2.7879545689e+00 2.7717807293e+00 4.6399469376e+00 7.6061962891e+03 7.6823212891e+03 7.6063447266e+03 -3.4738771617e-02 7.4832880859e+03 6.7477700195e+03 1.0582577705e+01
1.7781822383e-01 8.0634218750e+03 4.4639033203e+03 2.5658335686e+00 2.5508389473e+00 4.6454973221e+00 7.3804082031e+03 7.4542719727e+03 7.3805444336e+03 -3.3707361668e-02 7.2497045898e+03 6.6192587891e+03 8.8182811737e+00
1.8276853859e-01 7.7800849609e+03 4.4111938477e+03 2.3525471687e+00 2.3387725353e+00 3.9111459255e+00 7.1385161133e+03 7.2099653320e+03 7.1386416016e+03 -3.2602474093e-02 7.0075805664e+03 6.4239858398e+03 7.9418683052e+00
1.8771886826e-01 7.5000664062e+03 4.2266679688e+03 2.1467750072e+00 2.1342465878e+00 3.9103839397e+00 6.8772739258e+03 6.9461074219e+03 6.8773886719e+03 -3.1409237534e-02 6.7535351562e+03 6.1636127930e+03 7.8162646294e+00
1.9266918302e-01 7.2250000000e+03 3.9434423828e+03 1.9512075186e+00 1.9398994446e+00 3.3182444572e+00 6.6035615234e+03 6.6696596680e+03 6.6036655273e+03 -3.0159095302e-02 6.4929492188e+03 5.8605600586e+03 8.1636533737e+00
1.9761951268e-01 6.9579916992e+03 3.6149069824e+03 1.7703945637e+00 1.7602233887e+00 3.2556953430e+00 6.3288911133e+03 6.3922387695e+03 6.3289848633e+03 -2.8904579580e-02 6.2339599609e+03 5.5457875977e+03 8.6612377167e+00
2.0256982744e-01 6.7023818359e+03 3.2981191406e+03 1.6084750891e+00 1.5993117094e+00 2.7896625996e+00 6.0655610352e+03 6.1262758789e+03 6.0656464844e+03 -2.7701875195e-02 5.9849257812e+03 5.2497153320e+03 9.0271272659e+00
2.0752015710e-01 6.4619765625e+03 3.0403317871e+03 1.4676855803e+00 1.4593749046e+00 2.8115572929e+00 5.8246264648e+03 5.8829287109e+03 5.8247045898e+03 -2.6601448655e-02 5.7541962891e+03 4.9967436523e+03 9.0783615112e+00
2.1247047186e-01 6.2399829102e+03 2.8689531250e+03 1.3478727341e+00 1.3402565718e+00 2.3205664158e+00 5.6133100586e+03 5.6695004883e+03 5.6133818359e+03 -2.5636292994e-02 5.5480068359e+03 4.8001816406e+03 8.7541484833e+00
2.1742080152e-01 6.0372895508e+03 2.7870405273e+03 1.2467957735e+00 1.2397360802e+00 2.4026823044e+00 5.4328647461e+03 5.4872475586e+03 5.4329306641e+03 -2.4812115356e-02 5.3678481445e+03 4.6593134766e+03 8.1053590775e+00
2.2237111628e-01 5.8521987305e+03 2.7761499023e+03 1.1607204676e+00 1.1541132927e+00 2.0477855206e+00 5.2787929688e+03 5.3316367188e+03 5.2788549805e+03 -2.4108402431e-02 5.2105058594e+03 4.5615141602e+03 7.2589416504e+00
2.2732144594e-01 5.6813891602e+03 2.8045722656e+03 1.0853656530e+00 1.0791454315e+00 2.0517113209e+00 5.1430585938e+03 5.1945429688e+03 5.1431166992e+03 -2.3488432169e-02 5.0699741211e+03 4.4876694336e+03 6.3712224960e+00
2.3227176070e-01 5.5208422852e+03 2.8371672363e+03 1.0168684721e+00 1.0110037327e+00 1.7782648802e+00 5.0164619141e+03 5.0666816406e+03 5.0165166016e+03 -2.2910209373e-02 4.9390688477e+03 4.4175996094e+03 5.5839886665e+00
2.3722209036e-01 5.3666533203e+03 2.8443073730e+03 9.5244562626e-01 9.4692856073e-01 1.8249781132e+00 4.8908339844e+03 4.9397949219e+03 4.8908847656e+03 -2.2336410359e-02 4.8109536133e+03 4.3347504883e+03 4.9928574562e+00
2.4217240512e-01 5.2159975586e+03 2.8083510742e+03 8.9051908255e-01 8.8535314798e-01 1.5424503088e+00 4.7608876953e+03 4.8085498047e+03 4.7609345703e+03 -2.1742906421e-02 4.6810483398e+03 4.2299790039e+03 4.6326656342e+00
2.4712273479e-01 5.0676577148e+03 2.7261098633e+03 8.3060455322e-01 8.2579272985e-01 1.5773499012e+00 4.6250942383e+03 4.6713959961e+03 4.6251376953e+03 -2.1122703329e-02 4.5480219727e+03 4.1028583984e+03 4.4804267883e+00
2.5207304955e-01 4.9217392578e+03 2.6070139160e+03 7.7307897806e-01 7.6861548424e-01 1.3813604116e+00 4.4851142578e+03 4.5300161133e+03 4.4851552734e+03 -2.0483395085e-02 4.4130541992e+03 3.9598300781e+03 4.4719729424e+00
2.5702336431e-01 4.7791538086e+03 2.4685402832e+03 7.1884697676e-01 7.1471506357e-01 1.3832924366e+00 4.3446313477e+03 4.3881269531e+03 4.3446699219e+03 -1.9841790199e-02 4.2786323242e+03 3.8110019531e+03 4.5252494812e+00
2.6197370887e-01 4.6413510742e+03 2.3308022461e+03 6.6886222363e-01 6.6503500938e-01 1.1809595823e+00 4.2082041016e+03 4.2503349609e+03 4.2082397461e+03 -1.9218711182e-02 4.1479487305e+03 3.6673356934e+03 4.5629978180e+00
2.6692402363e-01 4.5099633789e+03 2.2113923340e+03 6.2373888493e-01 6.2018203735e-01 1.2438161373e+00 4.0801267090e+03 4.1209741211e+03 4.0801596680e+03 -1.8633764237e-02 4.0243542480e+03 3.5382241211e+03 4.5297832489e+00
2.7187433839e-01 4.3861787109e+03 2.1213652344e+03 5.8358484507e-01 5.8026194572e-01 1.0414321423e+00 3.9632233887e+03 4.0029025879e+03 3.9632546387e+03 -1.8099853769e-02 3.9102885742e+03 3.4292468262e+03 4.4007539749e+00
2.7682465315e-01 4.2702963867e+03 2.0634206543e+03 5.4806387424e-01 5.4494130611e-01 1.0783575773e+00 3.8581982422e+03 3.8968251953e+03 3.8582272949e+03 -1.7620185390e-02 3.8064294434e+03 3.3410229492e+03 4.1815748215e+00
2.8177496791e-01 4.1618164062e+03 2.0326511230e+03 5.1651203632e-01 5.1356238127e-01 9.4331276417e-01 3.7638129883e+03 3.8014960938e+03 3.7638405762e+03 -1.7189115286e-02 3.7118183594e+03 3.2698747559e+03 3.9010076523e+00
2.8672531247e-01 4.0597419434e+03 2.0190516357e+03 4.8808562756e-01 4.8528939486e-01 9.6208560467e-01 3.6775754395e+03 3.7143945312e+03 3.6776013184e+03 -1.6795247793e-02 3.6245476074e+03 3.2096179199e+03 3.5993247032e+00
2.9167562723e-01 3.9627641602e+03 2.0106555176e+03 4.6191948652e-01 4.5926475525e-01 8.3169853687e-01 3.5963994141e+03 3.6324074707e+03 3.5964240723e+03 -1.6424506903e-02 3.5422805176e+03 3.1533771973e+03 3.3163027763e+00
2.9662594199e-01 3.8694392090e+03 1.9965644531e+03 4.3730163574e-01 4.3478217721e-01 8.6886370182e-01 3.5172761230e+03 3.5524912109e+03 3.5172995605e+03 -1.6063135117e-02 3.4626166992e+03 3.0950839844e+03 3.0817661285e+00
3.0157625675e-01 3.7785549316e+03 1.9694132080e+03 4.1377764940e-01 4.1139093041e-01 7.5176626444e-01 3.4379707031e+03 3.4723925781e+03 3.4379926758e+03 -1.5700940043e-02 3.3836315918e+03 3.0307531738e+03 2.9103178978e+00
3.0652660131e-01 3.6894597168e+03 1.9266634521e+03 3.9116543531e-01 3.8890972733e-01 7.7057874203e-01 3.3575244141e+03 3.3911406250e+03 3.3575451660e+03 -1.5333534218e-02 3.3043964844e+03 2.9592448730e+03 2.8006186485e+00
3.1147691607e-01 3.6020888672e+03 1.8704157715e+03 3.6948394775e-01 3.6735627055e-01 6.7449396849e-01 3.2762333984e+03 3.3090363770e+03 3.2762531738e+03 -1.4962276444e-02 3.2250639648e+03 2.8821096191e+03 2.7385640144e+00
3.1642723083e-01 3.5167343750e+03 1.8060270996e+03 3.4887063503e-01 3.4686586261e-01 7.0497351885e-01 3.1952382812e+03 3.2272299805e+03 3.1952568359e+03 -1.4592366293e-02 3.1464956055e+03 2.8026230469e+03 2.7029373646e+00
3.2137754560e-01 3.4338347168e+03 1.7402342529e+03 3.2950177789e-01 3.2761242986e-01 5.9283149242e-01 3.1160258789e+03 3.1472253418e+03 3.1160437012e+03 -1.4230603352e-02 3.0698037109e+03 2.7245864258e+03 2.6717097759e+00
3.2632789016e-01 3.3538735352e+03 1.6793641357e+03 3.1153091788e-01 3.0974772573e-01 6.3360953331e-01 3.0400568848e+03 3.0704951172e+03 3.0400734863e+03 -1.3883648440e-02 2.9960561523e+03 2.6513452148e+03 2.6273229122e+00
3.3127820492e-01 3.2772814941e+03 1.6279376221e+03 2.9502737522e-01 2.9334029555e-01 5.5004477501e-01 2.9684399414e+03 2.9981616211e+03 2.9684555664e+03 -1.3556573540e-02 2.9260944824e+03 2.5851379395e+03 2.5598747730e+00
3.3622851968e-01 3.2042790527e+03 1.5878455811e+03 2.7994892001e-01 2.7834817767e-01 5.5963319540e-01 2.9016755371e+03 2.9307287598e+03 2.9016904297e+03 -1.3251656666e-02 2.8603457031e+03 2.5267280273e+03 2.4678952694e+00
3.4117883444e-01 3.1347736816e+03 1.5582587891e+03 2.6615080237e-01 2.6462775469e-01 4.9517834187e-01 2.8395473633e+03 2.8679787598e+03 2.8395615234e+03 -1.2967916206e-02 2.7986982422e+03 2.4753774414e+03 2.3570241928e+00
3.4612917900e-01 3.0684162598e+03 1.5362645264e+03 2.5343322754e-01 2.5198099017e-01 5.2149343491e-01 2.7812812500e+03 2.8091289062e+03 2.7812946777e+03 -1.2701811269e-02 2.7405742188e+03 2.4292229004e+03 2.2373037338e+00
3.5107949376e-01 3.0047548828e+03 1.5179377441e+03 2.4158731103e-01 2.4020090699e-01 4.4434833527e-01 2.7258459473e+03 2.7531396484e+03 2.7258588867e+03 -1.2448638678e-02 2.6851682129e+03 2.3859304199e+03 2.1199395657e+00
3.5602980852e-01 2.9433281250e+03 1.4994200439e+03 2.3042958975e-01 2.2910556197e-01 4.6640285850e-01 2.6722182617e+03 2.6989743652e+03 2.6722307129e+03 -1.2203718536e-02 2.6316618652e+03 2.3433142090e+03 2.0143837929e+00
3.6098012328e-01 2.8836879883e+03 1.4777438965e+03 2.1981838346e-01 2.1855436265e-01 4.1708591580e-01 2.6195297852e+03 2.6457587891e+03 2.6195415039e+03 -1.1963090859e-02 2.5793344727e+03 2.2997490234e+03 1.9263861179e+00
3.6593046784e-01 2.8254645996e+03 1.4513625488e+03 2.0966716111e-01 2.0846134424e-01 4.2571258545e-01 2.5672192383e+03 2.5929243164e+03 2.5672304688e+03 -1.1724186130e-02 2.5276801758e+03 2.2544260254e+03 1.8572942019e+00
3.7088078260e-01 2.7684938965e+03 1.4203421631e+03 1.9994458556e-01 1.9879519939e-01 3.6738416553e-01 2.5151608887e+03 2.5403452148e+03 2.5151716309e+03 -1.1486438103e-02 2.4765549316e+03 2.2074736328e+03 1.8045195341e+00
3.7583109736e-01 2.7128395996e+03 1.3861085205e+03 1.9066338241e-01 1.8956823647e-01 4.0193930268e-01 2.4636479492e+03 2.4883159180e+03 2.4636582031e+03 -1.1251178570e-02 2.4261743164e+03 2.1597995605e+03 1.7628386021e+00
3.8078141212e-01 2.6586589355e+03 1.3508160400e+03 1.8185576797e-01 1.8081222475e-01 3.3739238977e-01 2.4131684570e+03 2.4373317871e+03 2.4131782227e+03 -1.1020641774e-02 2.3769050293e+03 2.1126508789e+03 1.7260706425e+00
3.8573172688e-01 2.6060688477e+03 1.3166491699e+03 1.7355230451e-01 1.7255726457e-01 3.5227835178e-01 2.3641870117e+03 2.3878593750e+03 2.3641962891e+03 -1.0796942748e-02 2.3290659180e+03 2.0671777344e+03 1.6886603832e+00
3.9068207145e-01 2.5551506348e+03 1.2853394775e+03 1.6576541960e-01 1.6481558979e-01 3.2439497113e-01 2.3170588379e+03 2.3402595215e+03 2.3170673828e+03 -1.0581711307e-02 2.2829057617e+03 2.0242303467e+03 1.6468117237e+00
3.9563238621e-01 2.5059953613e+03 1.2579014893e+03 1.5848679841e-01 1.5757885575e-01 3.2286846638e-01 2.2720295410e+03 2.2947792969e+03 2.2720380859e+03 -1.0376064107e-02 2.2386347656e+03 1.9842857666e+03 1.5990080833e+00
4.0058270097e-01 2.4586499023e+03 1.2344892578e+03 1.5168774128e-01 1.5081858635e-01 2.8349122405e-01 2.2291633301e+03 2.2514843750e+03 2.2291713867e+03 -1.0180297308e-02 2.1963327637e+03 1.9473516846e+03 1.5459190607e+00
4.0553301573e-01 2.4130346680e+03 1.2144298096e+03 1.4532275498e-01 1.4448967576e-01 3.1088227034e-01 2.1882824707e+03 2.2101938477e+03 2.1882902832e+03 -9.9935941398e-03 2.1558596191e+03 1.9129494629e+03 1.4898127317e+00
4.1048336029e-01 2.3689597168e+03 1.1965039062e+03 1.3933423162e-01 1.3853499293e-01 2.6344394684e-01 2.1490253906e+03 2.1705439453e+03 2.1490327148e+03 -9.8143098876e-03 2.1169177246e+03 1.8803043213e+03 1.4336928129e+00
4.1543367505e-01 2.3262280273e+03 1.1793668213e+03 1.3366496563e-01 1.3289780915e-01 2.7013361454e-01 2.1110058594e+03 2.1321437988e+03 2.1110129395e+03 -9.6406750381e-03 2.0792055664e+03 1.8486335449e+03 1.3804385662e+00
4.2038398981e-01 2.2846882324e+03 1.1618925781e+03 1.2826853991e-01 1.2753202021e-01 2.5499308109e-01 2.0739101562e+03 2.0946767578e+03 2.0739169922e+03 -9.4712618738e-03 2.0424810791e+03 1.8173236084e+03 1.3321483135e+00
4.2533430457e-01 2.2442185059e+03 1.1433612061e+03 1.2311416864e-01 1.2240710855e-01 2.5644469261e-01 2.0375175781e+03 2.0579196777e+03 2.0375242920e+03 -9.3050580472e-03 2.0065494385e+03 1.7859849854e+03 1.2897852659e+00
4.3028464913e-01 2.2047143555e+03 1.1235284424e+03 1.1818315834e-01 1.1750446260e-01 2.1725542843e-01 2.0017006836e+03 2.0217443848e+03 2.0017069092e+03 -9.1414852068e-03 1.9712760010e+03 1.7544843750e+03 1.2531381845e+00
4.3523496389e-01 2.1661120605e+03 1.1026127930e+03 1.1346597970e-01 1.1281456053e-01 2.4580433965e-01 1.9664447021e+03 1.9861351318e+03 1.9664506836e+03 -8.9804725721e-03 1.9366284180e+03 1.7229558105e+03 1.2210607529e+00
4.4018527865e-01 2.1284138184e+03 1.0811881104e+03 1.0896051675e-01 1.0833519697e-01 2.1312686801e-01 1.9318469238e+03 1.9511911621e+03 1.9318526611e+03 -8.8224671781e-03 1.9026789551e+03 1.6917373047e+03 1.1918990612e+00
4.4513559341e-01 2.0916721191e+03 1.0599891357e+03 1.0467027873e-01 1.0406981409e-01 2.0662167668e-01 1.8980736084e+03 1.9170795898e+03 1.8980791016e+03 -8.6682261899e-03 1.8695534668e+03 1.6612398682e+03 1.1639586687e+00
4.5008593798e-01 2.0559379883e+03 1.0396907959e+03 1.0059770197e-01 1.0002078116e-01 2.0615637302e-01 1.8652800293e+03 1.8839576416e+03 1.8652854004e+03 -8.5184620693e-03 1.8373653564e+03 1.6318154297e+03 1.1358839273e+00
4.5503625274e-01 2.0212227783e+03 1.0207395630e+03 9.6739239991e-02 9.6184544265e-02 2.0323707163e-01 1.8335502930e+03 1.8519102783e+03 1.8335554199e+03 -8.3735538647e-03 1.8061716309e+03 1.6036663818e+03 1.1068859100e+00
4.5998656750e-01 1.9875009766e+03 1.0032908325e+03 9.3084976077e-02 9.2551238835e-02 1.7262500525e-01 1.8028890381e+03 1.8209423828e+03 1.8028940430e+03 -8.2335276529e-03 1.7759705811e+03 1.5768255615e+03 1.0768040419e+00
4.6493688226e-01 1.9547418213e+03 9.8724627686e+02 8.9621506631e-02 8.9107558131e-02 1.9520756602e-01 1.7732557373e+03 1.7910118408e+03 1.7732604980e+03 -8.0981934443e-03 1.7467307129e+03 1.5511976318e+03 1.0460166931e+00
4.6988719702e-01 1.9229210205e+03 9.7232537842e+02 8.6333341897e-02 8.5838146508e-02 1.7282539606e-01 1.7445817871e+03 1.7620510254e+03 1.7445863037e+03 -7.9672420397e-03 1.7184067383e+03 1.5266055908e+03 1.0152426958e+00
4.7483754158e-01 1.8919901123e+03 9.5812994385e+02 8.3204068244e-02 8.2726702094e-02 1.6364873946e-01 1.7167613525e+03 1.7339521484e+03 1.7167658691e+03 -7.8401882201e-03 1.6909184570e+03 1.5028129883e+03 9.8529988527e-01
4.7978785634e-01 1.8618609619e+03 9.4422833252e+02 8.0217167735e-02 7.9756833613e-02 1.6613806784e-01 1.6896500244e+03 1.7065692139e+03 1.6896542969e+03 -7.7163735405e-03 1.6641406250e+03 1.4795552979e+03 9.5688730478e-01
4.8473817110e-01 1.8324450684e+03 9.3027551270e+02 7.7358715236e-02 7.6914735138e-02 1.6530594230e-01 1.6631165771e+03 1.6797701416e+03 1.6631207275e+03 -7.5951977633e-03 1.6379553223e+03 1.4566197510e+03 9.3043923378e-01
4.8968848586e-01 1.8036976318e+03 9.1610406494e+02 7.4619121850e-02 7.4190855026e-02 1.3863037527e-01 1.6370961914e+03 1.6534895020e+03 1.6371002197e+03 -7.4763651937e-03 1.6123048096e+03 1.4339161377e+03 9.0606558323e-01
4.9463883042e-01 1.7756115723e+03 9.0172601318e+02 7.1992740035e-02 7.1579575539e-02 1.5516401827e-01 1.6115856934e+03 1.6277232666e+03 1.6115894775e+03 -7.3598609306e-03 1.5871873779e+03 1.4114675293e+03 8.8357794285e-01
4.9958914518e-01 1.7481772461e+03 8.8726788330e+02 6.9475732744e-02 6.9077059627e-02 1.4665353298e-01 1.5865975342e+03 1.6024849854e+03 1.5866013184e+03 -7.2457427159e-03 1.5626085205e+03 1.3893479004e+03 8.6257970333e-01
5.0453948975e-01 1.7213688965e+03 8.7290850830e+02 6.7065060139e-02 6.6680274904e-02 1.2711068988e-01 1.5621406250e+03 1.5777833252e+03 1.5621442871e+03 -7.1340501308e-03 1.5385620117e+03 1.3676403809e+03 8.4258615971e-01
5.0948977470e-01 1.6951730957e+03 8.5885076904e+02 6.4758293331e-02 6.4386799932e-02 1.3694745302e-01 1.5382384033e+03 1.5536417236e+03 1.5382418213e+03 -7.0248916745e-03 1.5150573730e+03 1.3464414062e+03 8.2314407825e-01
5.1444011927e-01 1.6696038818e+03 8.4528839111e+02 6.2553279102e-02 6.2194474041e-02 1.3632342219e-01 1.5149344482e+03 1.5301043701e+03 1.5149378662e+03 -6.9184647873e-03 1.4921303711e+03 1.3258516846e+03 8.0392277241e-01
5.1939040422e-01 1.6446754150e+03 8.3234582520e+02 6.0447074473e-02 6.0100361705e-02 1.1279091239e-01 1.4922612305e+03 1.5072042236e+03 1.4922644043e+03 -6.8149184808e-03 1.4698099365e+03 1.3059331055e+03 7.8475892544e-01
5.2434074879e-01 1.6203708496e+03 8.2003631592e+02 5.8435063809e-02 5.8099884540e-02 1.2468665093e-01 1.4702076416e+03 1.4849296875e+03 1.4702106934e+03 -6.7142019980e-03 1.4480831299e+03 1.2866716309e+03 7.6565498114e-01
5.2929109335e-01 1.5966496582e+03 8.0827819824e+02 5.6511092931e-02 5.6186933070e-02 1.2351428717e-01 1.4487260742e+03 1.4632329102e+03 1.4487290039e+03 -6.6160978749e-03 1.4269040527e+03 1.2679937744e+03 7.4674105644e-01
5.3424137831e-01 1.5734813232e+03 7.9695239258e+02 5.4669044912e-02 5.4355423898e-02 1.0298872739e-01 1.4277714844e+03 1.4420687256e+03 1.4277742920e+03 -6.5204002894e-03 1.4062351074e+03 1.2498173828e+03 7.2821640968e-01
5.3919172287e-01 1.5508543701e+03 7.8594116211e+02 5.2903503180e-02 5.2599981427e-02 1.1273376644e-01 1.4073151855e+03 1.4214075928e+03 1.4073181152e+03 -6.4269793220e-03 1.3860572510e+03 1.2320773926e+03 7.1028584242e-01
5.4414206743e-01 1.5287531738e+03 7.7513397217e+02 5.1209378988e-02 5.0915561616e-02 1.1188647151e-01 1.3873254395e+03 1.4012175293e+03 1.3873282471e+03 -6.3356882893e-03 1.3663471680e+03 1.2147119141e+03 6.9310748577e-01
5.4909235239e-01 1.5071403809e+03 7.6443206787e+02 4.9581881613e-02 4.9297388643e-02 9.5897987485e-02 1.3677550049e+03 1.3814514160e+03 1.3677575684e+03 -6.2463125214e-03 1.3470595703e+03 1.1976538086e+03 6.7675942183e-01
5.5404269695e-01 1.4859779053e+03 7.5377874756e+02 4.8016995192e-02 4.7741480172e-02 9.8768301308e-02 1.3485631104e+03 1.3620672607e+03 1.3485656738e+03 -6.1586652882e-03 1.3281519775e+03 1.1808579102e+03 6.6123300791e-01
5.5899298191e-01 1.4652532959e+03 7.4318414307e+02 4.6511899680e-02 4.6245031059e-02 1.0692825168e-01 1.3297413330e+03 1.3430568848e+03 1.3297438965e+03 -6.0727084056e-03 1.3096159668e+03 1.1643292236e+03 6.4644616842e-01
5.6394332647e-01 1.4449743652e+03 7.3270947266e+02 4.5064702630e-02 4.4806152582e-02 8.2845136523e-02 1.3113060303e+03 1.3244372559e+03 1.3113083496e+03 -5.9885163791e-03 1.2914681396e+03 1.1481083984e+03 6.3227200508e-01
5.6889367104e-01 1.4251387939e+03 7.2242053223e+02 4.3673712760e-02 4.3423157185e-02 9.3808434904e-02 1.2932668457e+03 1.3062172852e+03 1.2932691650e+03 -5.9061343782e-03 1.2737138672e+03 1.1322296143e+03 6.1857134104e-01
5.7384395599e-01 1.4057261963e+03 7.1236334229e+02 4.2336788028e-02 4.2093914002e-02 9.4267755747e-02 1.2756142578e+03 1.2883879395e+03 1.2756165771e+03 -5.8255167678e-03 1.2563386230e+03 1.1167030029e+03 6.0522198677e-01
5.7879430056e-01 1.3867193604e+03 7.0257232666e+02 4.1051786393e-02 4.0816295892e-02 8.0474957824e-02 1.2583398438e+03 1.2709405518e+03 1.2583420410e+03 -5.7466267608e-03 1.2393298340e+03 1.1015339355e+03 5.9213966131e-01
5.8374458551e-01 1.3681180420e+03 6.9307629395e+02 3.9816826582e-02 3.9588421583e-02 7.9613663256e-02 1.2414486084e+03 1.2538802490e+03 1.2414506836e+03 -5.6694867089e-03 1.2226926270e+03 1.0867349854e+03 5.7928639650e-01
6.0806733370e-01 1.2823309326e+03 6.5009930420e+02 3.4399423748e-02 3.4202069044e-02 7.2632387280e-02 1.1636849365e+03 1.1753378906e+03 1.1636867676e+03 -5.3143496625e-03 1.1460634766e+03 1.0188630371e+03 5.2029508352e-01
7.5251543522e-01 9.1125775146e+02 4.6201144409e+02 1.5963051468e-02 1.5871476382e-02 2.9918625951e-02 8.2695031738e+02 8.3523144531e+02 8.2695111084e+02 -3.7765318993e-03 8.1439007568e+02 7.2406512451e+02 2.9854166508e-01
9.3883651495e-01 6.3566668701e+02 3.2233923340e+02 7.1549690329e-03 7.1139247157e-03 1.7928196117e-02 5.7686523438e+02 5.8264208984e+02 5.7686566162e+02 -2.6344349608e-03 5.6807788086e+02 5.0512713623e+02 1.6677217185e-01
1.1712902784e+00 4.4115478516e+02 2.2373339844e+02 3.1905332580e-03 3.1722316053e-03 7.5640575960e-03 4.0035116577e+02 4.0436041260e+02 4.0035134888e+02 -1.8283264944e-03 3.9423782349e+02 3.5058242798e+02 9.2701286077e-02
1.4612989426e+00 3.0474868774e+02 1.5457104492e+02 1.4161231229e-03 1.4080001274e-03 3.4259879030e-03 2.7656439209e+02 2.7933401489e+02 2.7656445312e+02 -1.2630153215e-03 2.7233261108e+02 2.4219416809e+02 5.1297292113e-02
1.8231132030e+00 2.0964002991e+02 1.0634105682e+02 6.2591442838e-04 6.2232423807e-04 1.7603372689e-03 1.9025340271e+02 1.9215867615e+02 1.9025343323e+02 -8.6884963093e-04 1.8733721924e+02 1.6661517334e+02 2.8270341456e-02
2.2745118141e+00 1.4366690063e+02 7.2881393433e+01 2.7559697628e-04 2.7401620173e-04 4.4299769797e-04 1.3038211060e+02 1.3168780518e+02 1.3038212585e+02 -5.9542909730e-04 1.2838063049e+02 1.1418574524e+02 1.5522301197e-02
2.8376755714e+00 9.8115806580e+01 4.9776763916e+01 1.2092891120e-04 1.2023531599e-04 4.4369275565e-04 8.9043632507e+01 8.9935356140e+01 8.9043640137e+01 -4.0664445260e-04 8.7674949646e+01 7.7984016418e+01 8.4940586239e-03
3.5402774811e+00 6.6796676636e+01 3.3889614105e+01 5.2895211411e-05 5.2591833082e-05 2.4622961064e-04 6.0620708466e+01 6.1227787018e+01 6.0620708466e+01 -2.7684262022e-04 5.9687858582e+01 5.3092082977e+01 4.6338397078e-03
4.4168419838e+00 4.5344017029e+01 2.3006507874e+01 2.3070086172e-05 2.2937771064e-05 1.3269125702e-05 4.1151714325e+01 4.1563823700e+01 4.1151714325e+01 -1.8793159688e-04 4.0517833710e+01 3.6041194916e+01 2.5208834559e-03
5.5104417801e+00 3.0700201035e+01 1.5577064514e+01 1.0035420928e-05 9.9778662843e-06 4.8760619393e-05 2.7861879349e+01 2.8140899658e+01 2.7861881256e+01 -1.2723958935e-04 2.7432346344e+01 2.4401678085e+01 1.3679311378e-03
6.8748145103e+00 2.0735343933e+01 1.0521170616e+01 4.3548006943e-06 4.3298268793e-06 -5.4813739325e-07 1.8818338394e+01 1.9006792068e+01 1.8818338394e+01 -8.5939558630e-05 1.8528011322e+01 1.6480949402e+01 7.4059801409e-04
8.5770025253e+00 1.3973805428e+01 7.0903649330e+00 1.8855222379e-06 1.8747097101e-06 2.5494862257e-06 1.2681912422e+01 1.2808915138e+01 1.2681912422e+01 -5.7915738580e-05 1.2486142159e+01 1.1106268883e+01 4.0014352999e-04
1.0700648308e+01 9.3977947235e+00 4.7683782578e+00 8.1470352598e-07 8.1003213381e-07 1.5139146399e-06 8.5289421082e+00 8.6143550873e+00 8.5289421082e+00 -3.8949961890e-05 8.3972215652e+00 7.4687376022e+00 2.1581255714e-04
1.3350104332e+01 6.3083066940e+00 3.2006165981e+00 3.5134914356e-07 3.4933481174e-07 6.2005494783e-07 5.7250566483e+00 5.7823901176e+00 5.7250566483e+00 -2.6145180527e-05 5.6366152763e+00 5.0127863884e+00 1.1622332386e-04
1.6655559540e+01 4.2270288467e+00 2.1444211006e+00 1.5125432640e-07 1.5038732215e-07 2.6269853493e-07 3.8361704350e+00 3.8745877743e+00 3.8361704350e+00 -1.7519018002e-05 3.7769074440e+00 3.3582427502e+00 6.2520106439e-05
2.0779436111e+01 2.8277988434e+00 1.4343127012e+00 6.5006823036e-08 6.4634306796e-08 5.1546669511e-07 2.5662782192e+00 2.5919783115e+00 2.5662782192e+00 -1.1719675967e-05 2.5266458988e+00 2.2458572388e+00 3.3609176171e-05
2.5924377441e+01 1.8888697624e+00 9.5778131485e-01 2.7895703525e-08 2.7735923780e-08 1.9043639554e-07 1.7141349316e+00 1.7313009501e+00 1.7141349316e+00 -7.8281082097e-06 1.6876842976e+00 1.4993717670e+00 1.8066893972e-05
3.2343193054e+01 1.2599114180e+00 6.3854807615e-01 1.1953098955e-08 1.1884683460e-08 -3.5536942278e-08 1.1433080435e+00 1.1547576189e+00 1.1433080435e+00 -5.2212567425e-06 1.1256936789e+00 9.9929034710e-01 9.7204892882e-06
4.0351291656e+01 8.3927285671e-01 4.2503306270e-01 5.1146837876e-09 5.0854414013e-09 1.4123115122e-08 7.6154428720e-01 7.6917070150e-01 7.6154428720e-01 -3.4778192912e-06 7.4984383583e-01 6.6481125355e-01 5.2413142839e-06
5.0342178345e+01 5.5837738514e-01 2.8243702650e-01 2.1856065846e-09 2.1731323407e-09 1.7669709251e-08 5.0660640001e-01 5.1167982817e-01 5.0660640001e-01 -2.3135694391e-06 4.9885812402e-01 4.4142186642e-01 2.8377005492e-06
6.2806785583e+01 3.7106242776e-01 1.8733419478e-01 9.3271246282e-10 9.2740326529e-10 1.8075365205e-08 3.3659908175e-01 3.3996996284e-01 3.3659908175e-01 -1.5371801965e-06 3.3148869872e-01 2.9242670536e-01 1.5468924630e-06
7.8357597351e+01 2.4631440639e-01 1.2398602813e-01 3.9749889491e-10 3.9524564177e-10 1.0787092997e-08 2.2337570786e-01 2.2561268508e-01 2.2337570786e-01 -1.0201117675e-06 2.2002393007e-01 1.9317263365e-01 8.5230789182e-07
9.7758758545e+01 1.6333615780e-01 8.1838361919e-02 1.6916150425e-10 1.6820879412e-10 1.2889517231e-09 1.4806146920e-01 1.4954422414e-01 1.4806146920e-01 -6.7616684873e-07 1.4588101208e-01 1.2712813914e-01 4.7711660045e-07
1.2196360016e+02 1.0820481926e-01 5.3825747222e-02 7.1874228791e-11 7.1473514607e-11 1.4043796126e-09 9.8020590842e-02 9.9002212286e-02 9.8020590842e-02 -4.4764024665e-07 9.6619591117e-02 8.3227097988e-02 2.7311372719e-07
1.5216149902e+02 7.1614466608e-02 3.5226099193e-02 3.0480798441e-11 3.0313529464e-11 -4.2307235493e-10 6.4807422459e-02 6.5456427634e-02 6.4807422459e-02 -2.9596242257e-07 6.3924722373e-02 5.4074790329e-02 1.6100560174e-07
1.8983633423e+02 4.7354117036e-02 2.2888537496e-02 1.2896115599e-11 1.2827078809e-11 2.5758825628e-11 4.2785312980e-02 4.3213788420e-02 4.2785312980e-02 -1.9539190532e-07 4.2246911675e-02 3.4738615155e-02 9.8372687773e-08
2.3683937073e+02 3.1284157187e-02 1.4714165591e-02 5.4395125557e-12 5.4115058788e-12 7.7650441632e-11 2.8197621927e-02 2.8480006382e-02 2.8197621927e-02 -1.2877285371e-07 2.7887448668e-02 2.1935246885e-02 6.2508078713e-08
2.9548025513e+02 2.0649041981e-02 9.3076601624e-03 2.2849352618e-12 2.2738731471e-12 1.2308923325e-10 1.8544023857e-02 1.8729731441e-02 1.8544023857e-02 -8.4686810453e-08 1.8384391442e-02 1.3485420495e-02 4.1237164794e-08
3.6864047241e+02 1.3616738841e-02 5.7439454831e-03 9.5450188552e-13 9.5031274516e-13 -2.9928073908e-11 1.2162618339e-02 1.2284420431e-02 1.2162618339e-02 -5.5544223443e-08 1.2101042084e-02 7.9489070922e-03 2.8014378373e-08
4.5991497803e+02 8.9706135914e-03 3.4121696372e-03 3.9583210299e-13 3.9434910415e-13 5.3517569066e-13 7.9503357410e-03 8.0299535766e-03 7.9503357410e-03 -3.6307579165e-08 7.9506495968e-03 4.3799504638e-03 1.9310260058e-08
5.7378887939e+02 5.9035811573e-03 1.9111431902e-03 1.6269857640e-13 1.6222838502e-13 1.1417099037e-11 5.1761022769e-03 5.2279378287e-03 5.1761022769e-03 -2.3638214941e-08 5.2125020884e-03 2.1614937577e-03 1.3225244011e-08
7.1585766602e+02 3.8808058016e-03 9.7826553974e-04 6.6271031089e-14 6.6146950927e-14 -1.9125738319e-12 3.3559983131e-03 3.3896067180e-03 3.3559983131e-03 -1.5326167002e-08 3.4092068672e-03 8.8784354739e-04 8.7603444499e-09
