# z_start: 200
# Lbox_cMpc: 131.072
# Lbox_cMpc/h: 94.37183999999999
# dx_fin_kpc: 1
# levelmin: 10
# levelmax: 17
# FlagAMR: 1
# FlagZoom: 0
# k0: 0.05
# As: 2.164654433890338e-09
# ns: 0.96
# h: 0.72
# bias8_z0_WMAP5: 1.26
# Omega_m: 0.26
# Omega_b: 0.044
# Omega_k: 0.0
# w0: -1
# wa: 0
# kmax: 24.543692606170257
# k_per_logint: 0
# sigma8_z0_WMAP5: 0.7936507936507936
# Omega_c: 0.21600000000000003
# Omega_l: 0.74
9.7290767371e-06 1.1855716406e+05 1.1855715625e+05 1.5807596875e+05 1.5807589062e+05 1.4760637500e+05 1.1884518750e+05 1.1855716406e+05 1.2727716406e+05 -6.0713851452e-01 1.1819312500e+05 1.1819311719e+05 7.0962679386e-01
1.0741890947e-05 1.1855715625e+05 1.1855714844e+05 1.5807589062e+05 1.5807581250e+05 1.4760631250e+05 1.1884517969e+05 1.1855715625e+05 1.2727714844e+05 -6.0713845491e-01 1.1819311719e+05 1.1819311719e+05 7.8350007534e-01
1.1860140148e-05 1.1855714844e+05 1.1855714062e+05 1.5807581250e+05 1.5807571875e+05 1.4760623438e+05 1.1884517969e+05 1.1855714844e+05 1.2727714062e+05 -6.0713839531e-01 1.1819310938e+05 1.1819310938e+05 8.6506378651e-01
1.3094801943e-05 1.1855714062e+05 1.1855713281e+05 1.5807571875e+05 1.5807560938e+05 1.4760612500e+05 1.1884516406e+05 1.1855714062e+05 1.2727712500e+05 -6.0713833570e-01 1.1819310938e+05 1.1819310938e+05 9.5511841774e-01
1.4457993530e-05 1.1855714062e+05 1.1855711719e+05 1.5807560938e+05 1.5807546875e+05 1.4760601562e+05 1.1884516406e+05 1.1855714062e+05 1.2727710938e+05 -6.0713833570e-01 1.1819310156e+05 1.1819308594e+05 1.0545477867e+00
1.5963096303e-05 1.1855713281e+05 1.1855710938e+05 1.5807546875e+05 1.5807529688e+05 1.4760585938e+05 1.1884514844e+05 1.1855711719e+05 1.2727709375e+05 -6.0713815689e-01 1.1819308594e+05 1.1819308594e+05 1.1643279791e+00
1.7624881366e-05 1.1855711719e+05 1.1855709375e+05 1.5807529688e+05 1.5807509375e+05 1.4760568750e+05 1.1884514062e+05 1.1855710938e+05 1.2727706250e+05 -6.0713803768e-01 1.1819307812e+05 1.1819307031e+05 1.2855364084e+00
1.9459663235e-05 1.1855710938e+05 1.1855707812e+05 1.5807509375e+05 1.5807484375e+05 1.4760546875e+05 1.1884510938e+05 1.1855709375e+05 1.2727703906e+05 -6.0713797808e-01 1.1819306250e+05 1.1819305469e+05 1.4193627834e+00
2.1485448087e-05 1.1855708594e+05 1.1855704688e+05 1.5807484375e+05 1.5807453125e+05 1.4760520312e+05 1.1884509375e+05 1.1855707812e+05 1.2727700781e+05 -6.0713773966e-01 1.1819304688e+05 1.1819303125e+05 1.5671206713e+00
2.3722119295e-05 1.1855706250e+05 1.1855702344e+05 1.5807454688e+05 1.5807415625e+05 1.4760489062e+05 1.1884507031e+05 1.1855706250e+05 1.2727696875e+05 -6.0713756084e-01 1.1819303125e+05 1.1819300781e+05 1.7302603722e+00
2.6191633879e-05 1.1855703906e+05 1.1855698438e+05 1.5807417188e+05 1.5807370312e+05 1.4760448438e+05 1.1884503906e+05 1.1855702344e+05 1.2727691406e+05 -6.0713732243e-01 1.1819300000e+05 1.1819297656e+05 1.9103829861e+00
2.8918228054e-05 1.1855701562e+05 1.1855694531e+05 1.5807371875e+05 1.5807314062e+05 1.4760400000e+05 1.1884500000e+05 1.1855700000e+05 1.2727685156e+05 -6.0713702440e-01 1.1819296094e+05 1.1819293750e+05 2.1092567444e+00
3.1928666431e-05 1.1855697656e+05 1.1855689844e+05 1.5807315625e+05 1.5807246875e+05 1.4760342188e+05 1.1884496094e+05 1.1855696094e+05 1.2727676562e+05 -6.0713660717e-01 1.1819292969e+05 1.1819290625e+05 2.3288331032e+00
3.5252498492e-05 1.1855692969e+05 1.1855683594e+05 1.5807250000e+05 1.5807164062e+05 1.4760270312e+05 1.1884489844e+05 1.1855690625e+05 1.2727667188e+05 -6.0713618994e-01 1.1819288281e+05 1.1819284375e+05 2.5712676048e+00
3.8922342355e-05 1.1855686719e+05 1.1855675781e+05 1.5807167188e+05 1.5807064062e+05 1.4760182812e+05 1.1884484375e+05 1.1855685156e+05 1.2727656250e+05 -6.0713565350e-01 1.1819282812e+05 1.1819278125e+05 2.8389396667e+00
4.2974228563e-05 1.1855680469e+05 1.1855667188e+05 1.5807067188e+05 1.5806940625e+05 1.4760076562e+05 1.1884475781e+05 1.1855678125e+05 1.2727642969e+05 -6.0713493824e-01 1.1819275781e+05 1.1819270312e+05 3.1344759464e+00
4.7447920224e-05 1.1855671875e+05 1.1855655469e+05 1.5806945312e+05 1.5806790625e+05 1.4759946875e+05 1.1884465625e+05 1.1855669531e+05 1.2727625781e+05 -6.0713410378e-01 1.1819267188e+05 1.1819260938e+05 3.4607779980e+00
5.2387331380e-05 1.1855662500e+05 1.1855642188e+05 1.5806796875e+05 1.5806609375e+05 1.4759790625e+05 1.1884453906e+05 1.1855659375e+05 1.2727604688e+05 -6.0713315010e-01 1.1819256250e+05 1.1819248438e+05 3.8210473061e+00
5.7840941736e-05 1.1855650000e+05 1.1855625000e+05 1.5806615625e+05 1.5806387500e+05 1.4759598438e+05 1.1884439062e+05 1.1855646094e+05 1.2727580469e+05 -6.0713189840e-01 1.1819242969e+05 1.1819233594e+05 4.2188200951e+00
6.3862287789e-05 1.1855635156e+05 1.1855604688e+05 1.5806393750e+05 1.5806115625e+05 1.4759364062e+05 1.1884420312e+05 1.1855629688e+05 1.2727549219e+05 -6.0713040829e-01 1.1819228125e+05 1.1819216406e+05 4.6579999924e+00
7.0510461228e-05 1.1855617188e+05 1.1855579688e+05 1.5806125000e+05 1.5805787500e+05 1.4759078125e+05 1.1884398438e+05 1.1855610156e+05 1.2727513281e+05 -6.0712862015e-01 1.1819208594e+05 1.1819194531e+05 5.1428971291e+00
7.7850723756e-05 1.1855594531e+05 1.1855549219e+05 1.5805798438e+05 1.5805384375e+05 1.4758729688e+05 1.1884372656e+05 1.1855587500e+05 1.2727467188e+05 -6.0712635517e-01 1.1819185938e+05 1.1819167969e+05 5.6782698631e+00
8.5955121904e-05 1.1855568750e+05 1.1855513281e+05 1.5805396875e+05 1.5804892188e+05 1.4758304688e+05 1.1884339844e+05 1.1855558594e+05 1.2727411719e+05 -6.0712367296e-01 1.1819157812e+05 1.1819136719e+05 6.2693715096e+00
9.4903196441e-05 1.1855535156e+05 1.1855467969e+05 1.5804909375e+05 1.5804295312e+05 1.4757787500e+05 1.1884300781e+05 1.1855523438e+05 1.2727343750e+05 -6.0712039471e-01 1.1819123438e+05 1.1819096875e+05 6.9220027924e+00
1.0478278273e-04 1.1855495312e+05 1.1855413281e+05 1.5804315625e+05 1.5803565625e+05 1.4757156250e+05 1.1884252344e+05 1.1855482031e+05 1.2727261719e+05 -6.0711640120e-01 1.1819082031e+05 1.1819050000e+05 7.6425662041e+00
1.1569085473e-04 1.1855446875e+05 1.1855346094e+05 1.5803592188e+05 1.5802678125e+05 1.4756385938e+05 1.1884192969e+05 1.1855429688e+05 1.2727161719e+05 -6.0711157322e-01 1.1819031250e+05 1.1818991406e+05 8.4381313324e+00
1.2773447088e-04 1.1855387500e+05 1.1855265625e+05 1.5802707812e+05 1.5801593750e+05 1.4755450000e+05 1.1884121875e+05 1.1855367188e+05 1.2727039844e+05 -6.0710561275e-01 1.1818969531e+05 1.1818921094e+05 9.3165035248e+00
1.4103185094e-04 1.1855315625e+05 1.1855165625e+05 1.5801631250e+05 1.5800273438e+05 1.4754306250e+05 1.1884033594e+05 1.1855289844e+05 1.2726890625e+05 -6.0709834099e-01 1.1818893750e+05 1.1818835156e+05 1.0286297798e+01
1.5571352560e-04 1.1855227344e+05 1.1855044531e+05 1.5800318750e+05 1.5798664062e+05 1.4752912500e+05 1.1883927344e+05 1.1855195312e+05 1.2726708594e+05 -6.0708945990e-01 1.1818801562e+05 1.1818730469e+05 1.1357023239e+01
1.7192357336e-04 1.1855118750e+05 1.1854896875e+05 1.5798718750e+05 1.5796701562e+05 1.4751215625e+05 1.1883797656e+05 1.1855082031e+05 1.2726487500e+05 -6.0707867146e-01 1.1818689844e+05 1.1818603125e+05 1.2539182663e+01
1.8982110487e-04 1.1854988281e+05 1.1854717188e+05 1.5796768750e+05 1.5794309375e+05 1.4749145312e+05 1.1883638281e+05 1.1854942188e+05 1.2726217188e+05 -6.0706549883e-01 1.1818552344e+05 1.1818446094e+05 1.3844360352e+01
2.0958181995e-04 1.1854828125e+05 1.1854499219e+05 1.5794392188e+05 1.5791395312e+05 1.4746621875e+05 1.1883445312e+05 1.1854771875e+05 1.2725888281e+05 -6.0704952478e-01 1.1818385156e+05 1.1818256250e+05 1.5285351753e+01
2.3139965197e-04 1.1854633594e+05 1.1854231250e+05 1.5791495312e+05 1.5787843750e+05 1.4743548438e+05 1.1883210156e+05 1.1854565625e+05 1.2725487500e+05 -6.0703003407e-01 1.1818182031e+05 1.1818025000e+05 1.6876272202e+01
2.5548876147e-04 1.1854395312e+05 1.1853905469e+05 1.5787964062e+05 1.5783512500e+05 1.4739800000e+05 1.1882922656e+05 1.1854313281e+05 1.2724997656e+05 -6.0700613260e-01 1.1817933594e+05 1.1817742188e+05 1.8632701874e+01
2.8208558797e-04 1.1854105469e+05 1.1853510156e+05 1.5783660938e+05 1.5778235938e+05 1.4735232812e+05 1.1882572656e+05 1.1854005469e+05 1.2724402344e+05 -6.0697716475e-01 1.1817632031e+05 1.1817398438e+05 2.0571834564e+01
3.1145117828e-04 1.1853753906e+05 1.1853025781e+05 1.5778415625e+05 1.5771804688e+05 1.4729665625e+05 1.1882146875e+05 1.1853630469e+05 1.2723675781e+05 -6.0694175959e-01 1.1817263281e+05 1.1816978906e+05 2.2712638855e+01
3.4387380583e-04 1.1853323438e+05 1.1852435938e+05 1.5772025000e+05 1.5763968750e+05 1.4722882812e+05 1.1881626562e+05 1.1853172656e+05 1.2722791406e+05 -6.0689866543e-01 1.1816814062e+05 1.1816467188e+05 2.5076042175e+01
3.7967166281e-04 1.1852798438e+05 1.1851717969e+05 1.5764235938e+05 1.5754420312e+05 1.4714618750e+05 1.1880992969e+05 1.1852614844e+05 1.2721712500e+05 -6.0684609413e-01 1.1816267188e+05 1.1815844531e+05 2.7685127258e+01
4.1919614887e-04 1.1852158594e+05 1.1850842188e+05 1.5754745312e+05 1.5742787500e+05 1.4704550000e+05 1.1880220312e+05 1.1851935938e+05 1.2720397656e+05 -6.0678207874e-01 1.1815600000e+05 1.1815084375e+05 3.0565345764e+01
4.6283518896e-04 1.1851380469e+05 1.1849774219e+05 1.5743184375e+05 1.5728618750e+05 1.4692284375e+05 1.1879278906e+05 1.1851108594e+05 1.2718796094e+05 -6.0670405626e-01 1.1814785938e+05 1.1814158594e+05 3.3744758606e+01
5.1101716235e-04 1.1850430469e+05 1.1848472656e+05 1.5729096875e+05 1.5711360938e+05 1.4677343750e+05 1.1878132031e+05 1.1850100000e+05 1.2716843750e+05 -6.0660898685e-01 1.1813795312e+05 1.1813028906e+05 3.7254295349e+01
5.6421488989e-04 1.1849274219e+05 1.1846887500e+05 1.5711940625e+05 1.5690345312e+05 1.4659150000e+05 1.1876734375e+05 1.1848870312e+05 1.2714465625e+05 -6.0649311543e-01 1.1812585938e+05 1.1811652344e+05 4.1128025055e+01
6.2295066891e-04 1.1847864062e+05 1.1844954688e+05 1.5691048438e+05 1.5664759375e+05 1.4636998438e+05 1.1875031250e+05 1.1847371094e+05 1.2711568750e+05 -6.0635203123e-01 1.1811113281e+05 1.1809976562e+05 4.5403453827e+01
6.8780092988e-04 1.1846146094e+05 1.1842599219e+05 1.5665609375e+05 1.5633620312e+05 1.4610035938e+05 1.1872956250e+05 1.1845545312e+05 1.2708040625e+05 -6.0618007183e-01 1.1809318750e+05 1.1807932812e+05 5.0121864319e+01
7.5940223178e-04 1.1844051562e+05 1.1839728906e+05 1.5634648438e+05 1.5595735938e+05 1.4577228125e+05 1.1870428125e+05 1.1843320312e+05 1.2703744531e+05 -6.0597074032e-01 1.1807132812e+05 1.1805442969e+05 5.5328655243e+01
8.3845731569e-04 1.1841501562e+05 1.1836232812e+05 1.5596973438e+05 1.5549662500e+05 1.4537326562e+05 1.1867347656e+05 1.1840610156e+05 1.2698514062e+05 -6.0571575165e-01 1.1804467188e+05 1.1802408594e+05 6.1073688507e+01
9.2574214796e-04 1.1838394531e+05 1.1831972656e+05 1.5551148438e+05 1.5493664062e+05 1.4488817188e+05 1.1863597656e+05 1.1837307812e+05 1.2692148438e+05 -6.0540539026e-01 1.1801221094e+05 1.1798711719e+05 6.7411689758e+01
1.0221134871e-03 1.1834610156e+05 1.1826783594e+05 1.5495442188e+05 1.5425640625e+05 1.4429884375e+05 1.1859031250e+05 1.1833286719e+05 1.2684403906e+05 -6.0502767563e-01 1.1797266406e+05 1.1794209375e+05 7.4402626038e+01
1.1285173241e-03 1.1830002344e+05 1.1820464062e+05 1.5427762500e+05 1.5343079688e+05 1.4358335938e+05 1.1853473438e+05 1.1828388281e+05 1.2674985156e+05 -6.0456812382e-01 1.1792450000e+05 1.1788723438e+05 8.2112121582e+01
1.2459979625e-03 1.1824392969e+05 1.1812767969e+05 1.5345592188e+05 1.5242967188e+05 1.4271560938e+05 1.1846709375e+05 1.1822425781e+05 1.2663536719e+05 -6.0400938988e-01 1.1786585156e+05 1.1782046875e+05 9.0611808777e+01
1.3757084962e-03 1.1817566406e+05 1.1803400000e+05 1.5245925000e+05 1.5121715625e+05 1.4166418750e+05 1.1838482031e+05 1.1815168750e+05 1.2649628906e+05 -6.0333031416e-01 1.1779444531e+05 1.1773914062e+05 9.9979705811e+01
1.5189221594e-03 1.1809260938e+05 1.1791997656e+05 1.5125165625e+05 1.4975070312e+05 1.4039201562e+05 1.1828478125e+05 1.1806339844e+05 1.2632747656e+05 -6.0250556469e-01 1.1770753125e+05 1.1764016406e+05 1.1030049133e+02
1.6770446673e-03 1.1799160156e+05 1.1778127344e+05 1.4979046875e+05 1.4798020312e+05 1.3885528125e+05 1.1816323438e+05 1.1795601562e+05 1.2612278125e+05 -6.0150468349e-01 1.1760176562e+05 1.1751972656e+05 1.2166575623e+02
1.8516279524e-03 1.1786883594e+05 1.1761260938e+05 1.4802532812e+05 1.4584723438e+05 1.3700271875e+05 1.1801562500e+05 1.1782547656e+05 1.2587482812e+05 -6.0029125214e-01 1.1747312500e+05 1.1737323438e+05 1.3417401123e+02
2.0443855319e-03 1.1771972656e+05 1.1740760938e+05 1.4589729688e+05 1.4328421875e+05 1.3477489062e+05 1.1783654688e+05 1.1766690625e+05 1.2557490625e+05 -5.9882193804e-01 1.1731675781e+05 1.1719516406e+05 1.4793063354e+02
2.2572097369e-03 1.1753875781e+05 1.1715861719e+05 1.4333803125e+05 1.4021431250e+05 1.3210385938e+05 1.1761947656e+05 1.1747442969e+05 1.2521274219e+05 -5.9704530239e-01 1.1712677344e+05 1.1697880469e+05 1.6304737854e+02
2.4921891745e-03 1.1731931250e+05 1.1685644531e+05 1.4026945312e+05 1.3655159375e+05 1.2891324219e+05 1.1735671094e+05 1.1724097656e+05 1.2477630469e+05 -5.9490096569e-01 1.1689613281e+05 1.1671613281e+05 1.7964163208e+02
2.7516304981e-03 1.1705353906e+05 1.1649007031e+05 1.3660367188e+05 1.3220253125e+05 1.2511914062e+05 1.1703910156e+05 1.1695818750e+05 1.2425164844e+05 -5.9231829643e-01 1.1661639062e+05 1.1639752344e+05 1.9783505249e+02
3.0380799435e-03 1.1673209375e+05 1.1604636719e+05 1.3224431250e+05 1.2706885938e+05 1.2063239062e+05 1.1665587500e+05 1.1661606250e+05 1.2362285938e+05 -5.8921587467e-01 1.1627746094e+05 1.1601147656e+05 2.1775149536e+02
3.3543494064e-03 1.1634399219e+05 1.1550978125e+05 1.2708878906e+05 1.2105281250e+05 1.1536255469e+05 1.1619448438e+05 1.1620282031e+05 1.2287198438e+05 -5.8550071716e-01 1.1586738281e+05 1.1554436719e+05 2.3951412964e+02
3.7035429850e-03 1.1587634375e+05 1.1486195312e+05 1.2103338281e+05 1.1406546875e+05 1.0922469531e+05 1.1564042969e+05 1.1570467969e+05 1.2197925000e+05 -5.8106887341e-01 1.1537202344e+05 1.1498004688e+05 2.6324118042e+02
4.0890881792e-03 1.1531424219e+05 1.1408142969e+05 1.1398084375e+05 1.0603924219e+05 1.0214946875e+05 1.1497714844e+05 1.1510561719e+05 1.2092338281e+05 -5.7580637932e-01 1.1477484375e+05 1.1429964844e+05 2.8904052734e+02
4.5147696510e-03 1.1464060938e+05 1.1314332812e+05 1.0585249219e+05 9.6945226562e+04 9.4097515625e+04 1.1418604688e+05 1.1438721875e+05 1.1968246094e+05 -5.6959205866e-01 1.1405667969e+05 1.1348125781e+05 3.1700222778e+02
4.9847648479e-03 1.1383615625e+05 1.1201913281e+05 9.6605296875e+04 8.6815968750e+04 8.5078609375e+04 1.1324656250e+05 1.1352865625e+05 1.1823488281e+05 -5.6230258942e-01 1.1319553906e+05 1.1249971094e+05 3.4718930054e+02
5.5036875419e-03 1.1287961719e+05 1.1067672656e+05 8.6254828125e+04 7.5772671875e+04 7.5230898438e+04 1.1213722656e+05 1.1250682031e+05 1.1656177344e+05 -5.5382841825e-01 1.1216912500e+05 1.1132907812e+05 3.7962619019e+02
6.0766311362e-03 1.1174779688e+05 1.0908022656e+05 7.4903757812e+04 6.4053921875e+04 6.4651875000e+04 1.1083387500e+05 1.1129635938e+05 1.1464676562e+05 -5.4405146837e-01 1.1094587500e+05 1.0993370312e+05 4.1428482056e+02
6.7092189565e-03 1.1041653906e+05 1.0719089062e+05 6.2773945312e+04 5.2039632812e+04 5.3685085938e+04 1.0931357031e+05 1.0987065625e+05 1.1248136719e+05 -5.3290474415e-01 1.0949843750e+05 1.0828168750e+05 4.5106900024e+02
7.4076601304e-03 1.0886145312e+05 1.0496769531e+05 5.0236191406e+04 4.0258542969e+04 4.2758597656e+04 1.0755362500e+05 1.0820250781e+05 1.1006538281e+05 -5.2035588026e-01 1.0779617969e+05 1.0633741406e+05 4.8979678345e+02
8.1788105890e-03 1.0705937500e+05 1.0236889844e+05 3.7827699219e+04 2.9362976562e+04 3.2450650391e+04 1.0553371094e+05 1.0626560156e+05 1.0740904688e+05 -5.0643718243e-01 1.0581014062e+05 1.0406671875e+05 5.3018261719e+02
9.0302387252e-03 1.0498991406e+05 9.9353882812e+04 2.6240292969e+04 2.0052035156e+04 2.3381871094e+04 1.0323642188e+05 1.0403611719e+05 1.0453196875e+05 -4.9124431610e-01 1.0351351562e+05 1.0143742969e+05 5.7181927490e+02
9.9703026935e-03 1.0263735156e+05 9.5885625000e+04 1.6258297852e+04 1.2930405273e+04 1.6127556641e+04 1.0064832812e+05 1.0149475781e+05 1.0145955469e+05 -4.7493913770e-01 1.0088557812e+05 9.8423625000e+04 6.1416192627e+02
1.1008228175e-02 9.9992289062e+04 9.1933359375e+04 8.6259423828e+03 8.3131308594e+03 1.1055804688e+04 9.7760171875e+04 9.8628476562e+04 9.8215039062e+04 -4.5772936940e-01 9.7914929688e+04 9.5009257812e+04 6.5651147461e+02
1.2154204771e-02 9.7052671875e+04 8.7475429688e+04 3.8407470703e+03 6.0323710938e+03 8.1453535156e+03 9.4566453125e+04 9.5431914062e+04 9.4808195312e+04 -4.3982291222e-01 9.4602500000e+04 9.1191609375e+04 6.9799682617e+02
1.3419478200e-02 9.3823750000e+04 8.2501796875e+04 1.9104735107e+03 5.3611464844e+03 6.8800117188e+03 9.1064656250e+04 9.1907718750e+04 9.1224632812e+04 -4.2136421800e-01 9.0962992188e+04 8.6983640625e+04 7.3754724121e+02
1.4816469513e-02 9.0316632812e+04 7.7016406250e+04 2.1776816406e+03 5.1974980469e+03 6.3495634766e+03 8.7255601562e+04 8.8065820312e+04 8.7422570312e+04 -4.0237230062e-01 8.7024007812e+04 8.2414164062e+04 7.7384606934e+02
1.6358889639e-02 8.6545921875e+04 7.1040046875e+04 3.3791608887e+03 4.5653691406e+03 5.6288217773e+03 8.3145570312e+04 8.3921851562e+04 8.3345773438e+04 -3.8271781802e-01 8.2821406250e+04 7.7525046875e+04 8.0525921631e+02
1.8061878160e-02 8.2527398438e+04 6.4615062500e+04 4.0881401367e+03 3.2197556152e+03 4.3174912109e+03 7.8750671875e+04 7.9496078125e+04 7.8954125000e+04 -3.6217856407e-01 7.8392031250e+04 7.2366500000e+04 8.2974487305e+02
1.9942151383e-02 7.8277828125e+04 5.7813757812e+04 3.4750266113e+03 1.8169705811e+03 2.8211218262e+03 7.4100851562e+04 7.4814679688e+04 7.4258312500e+04 -3.4057942033e-01 7.3767562500e+04 6.6994179688e+04 8.4478460693e+02
2.2018164396e-02 7.3818062500e+04 5.0751441406e+04 1.9108226318e+03 1.1968936768e+03 1.9055209961e+03 6.9240156250e+04 6.9914476562e+04 6.9330070312e+04 -3.1795093417e-01 6.8975015625e+04 6.1473257812e+04 8.4741192627e+02
2.4310294539e-02 6.9178554688e+04 4.3601539062e+04 6.6984155273e+02 1.1325050049e+03 1.7256921387e+03 6.4224242188e+04 6.4850132812e+04 6.4267761719e+04 -2.9459050298e-01 6.4042589844e+04 5.5886808594e+04 8.3442565918e+02
2.6841036975e-02 6.4404968750e+04 3.6607652344e+04 5.7044866943e+02 8.5453613281e+02 1.5623725586e+03 5.9124359375e+04 5.9700808594e+04 5.9159566406e+04 -2.7094194293e-01 5.9036605469e+04 5.0372890625e+04 8.0281878662e+02
2.9635235667e-02 5.9561234375e+04 3.0084687500e+04 9.2938885498e+02 6.3892321777e+02 1.0044306641e+03 5.4041750000e+04 5.4572890625e+04 5.4086441406e+04 -2.4752841890e-01 5.4038636719e+04 4.5098105469e+04 7.5035595703e+02
3.2720316201e-02 5.4728917969e+04 2.4401250000e+04 6.5639978027e+02 4.7581497192e+02 6.5677935791e+02 4.9111296875e+04 4.9596542969e+04 4.9143273438e+04 -2.2486622632e-01 4.9163363281e+04 4.0267371094e+04 6.7622210693e+02
3.6126557738e-02 5.0004023438e+04 1.9935824219e+04 1.7360737610e+02 3.5410482788e+02 6.5324353027e+02 4.4476691406e+04 4.4915558594e+04 4.4488988281e+04 -2.0353916287e-01 4.4537914062e+04 3.6087250000e+04 5.8180395508e+02
3.9887394756e-02 4.5489867188e+04 1.6998751953e+04 3.0180358887e+02 2.6383441162e+02 4.1210562134e+02 4.0269148438e+04 4.0668296875e+04 4.0284609375e+04 -1.8420694768e-01 4.0283671875e+04 3.2719839844e+04 4.7164880371e+02
4.3876137584e-02 4.1427183594e+04 1.5729297852e+04 2.0153645325e+02 2.0040681458e+02 3.1080865479e+02 3.6713753906e+04 3.7078308594e+04 3.6724488281e+04 -1.6789454222e-01 3.6618730469e+04 3.0293046875e+04 3.5858468628e+02
4.7864876688e-02 3.8037152344e+04 1.5801162109e+04 1.5808337402e+02 1.5718292236e+02 2.9133065796e+02 3.3937195312e+04 3.4274140625e+04 3.3945613281e+04 -1.5515661240e-01 3.3720710938e+04 2.8751109375e+04 2.5823614502e+02
5.1853615791e-02 3.5173910156e+04 1.6552826172e+04 1.2727564240e+02 1.2653733826e+02 1.7676374817e+02 3.1706892578e+04 3.2022650391e+04 3.1713669922e+04 -1.4493297040e-01 3.1360748047e+04 2.7677142578e+04 1.7668765259e+02
5.5842354894e-02 3.2727568359e+04 1.7418802734e+04 1.0440683746e+02 1.0379145050e+02 1.8970207214e+02 2.9839921875e+04 3.0136853516e+04 2.9845482422e+04 -1.3637591898e-01 2.9380929688e+04 2.6762316406e+04 1.1663266754e+02
5.9831093997e-02 3.0610876953e+04 1.7976867188e+04 8.6616683960e+01 8.6100120544e+01 1.3652012634e+02 2.8191855469e+04 2.8472814453e+04 2.8196466797e+04 -1.2882998586e-01 2.7664515625e+04 2.5794234375e+04 7.7748497009e+01
6.3819833100e-02 2.8724039062e+04 1.7944853516e+04 7.2229034424e+01 7.1795783997e+01 1.1263304901e+02 2.6634271484e+04 2.6899869141e+04 2.6638115234e+04 -1.2170135230e-01 2.6089564453e+04 2.4617343750e+04 5.7375999451e+01
6.7808575928e-02 2.6992044922e+04 1.7222240234e+04 6.0306491852e+01 5.9945304871e+01 1.0940980530e+02 2.5088541016e+04 2.5338693359e+04 2.5091751953e+04 -1.1463072151e-01 2.4570519531e+04 2.3171140625e+04 5.1329059601e+01
7.1797311306e-02 2.5372623047e+04 1.5877479492e+04 5.0321094513e+01 5.0022270203e+01 7.2104576111e+01 2.3530826172e+04 2.3765751953e+04 2.3533505859e+04 -1.0750912875e-01 2.3073123047e+04 2.1493437500e+04 5.4723609924e+01
7.5786054134e-02 2.3851060547e+04 1.4103140625e+04 4.1968021393e+01 4.1722286224e+01 7.4455284119e+01 2.1982021484e+04 2.2201412109e+04 2.1984255859e+04 -1.0042858869e-01 2.1606156250e+04 1.9693843750e+04 6.2759803772e+01
7.9774796963e-02 2.2426537109e+04 1.2152687500e+04 3.5037258148e+01 3.4835575104e+01 4.9804775238e+01 2.0483255859e+04 2.0687886719e+04 2.0485121094e+04 -9.3578957021e-02 2.0198494141e+04 1.7910013672e+04 7.1350006104e+01
8.3763532341e-02 2.1100292969e+04 1.0278758789e+04 2.9370361328e+01 2.9204219818e+01 3.3825084686e+01 1.9078236328e+04 1.9268955078e+04 1.9079798828e+04 -8.7157621980e-02 1.8877580078e+04 1.6266722656e+04 7.7524803162e+01
8.8713839650e-02 1.9596640625e+04 8.3697246094e+03 2.3863346100e+01 2.3730741501e+01 1.6664928436e+01 1.7521400391e+04 1.7696701172e+04 1.7522669922e+04 -8.0042809248e-02 1.7395271484e+04 1.4563537109e+04 7.9391387939e+01
9.3664146960e-02 1.8264841797e+04 7.1501127930e+03 1.9754846573e+01 1.9645971298e+01 7.4467296600e+00 1.6221511719e+04 1.6383888672e+04 1.6222563477e+04 -7.4102357030e-02 1.6127883789e+04 1.3329738281e+04 7.4303512573e+01
9.8614454269e-02 1.7114630859e+04 6.6710034180e+03 1.6722667694e+01 1.6630048752e+01 2.1953245163e+01 1.5195293945e+04 1.5347246094e+04 1.5196185547e+04 -6.9412395358e-02 1.5097189453e+04 1.2570269531e+04 6.3732887268e+01
1.0356476158e-01 1.6131947266e+04 6.7898740234e+03 1.4460734367e+01 1.4379363060e+01 3.0347408295e+01 1.4407007812e+04 1.4550981445e+04 1.4407777344e+04 -6.5809607506e-02 1.4278512695e+04 1.2181235352e+04 5.0368179321e+01
1.0851507634e-01 1.5281511719e+04 7.2384096680e+03 1.2707323074e+01 1.2634368896e+01 2.3378850937e+01 1.3782580078e+04 1.3920370117e+04 1.3783257812e+04 -6.2955498695e-02 1.3610395508e+04 1.1991010742e+04 3.7116977692e+01
1.1346538365e-01 1.4523897461e+04 7.7202133789e+03 1.1262166023e+01 1.1196364403e+01 1.2097515106e+01 1.3240035156e+04 1.3372504883e+04 1.3240633789e+04 -6.0475766659e-02 1.3025526367e+04 1.1825375000e+04 2.6307813644e+01
1.1841569096e-01 1.3826773438e+04 7.9943686523e+03 9.9934778214e+00 9.9344463348e+00 1.6640117645e+01 1.2712608398e+04 1.2839750977e+04 1.2713140625e+04 -5.8065481484e-02 1.2470649414e+04 1.1554750000e+04 1.9237617493e+01
1.2336599827e-01 1.3167303711e+04 7.9248745117e+03 8.8312273026e+00 8.7789125443e+00 1.5334528923e+01 1.2158516602e+04 1.2280124023e+04 1.2158986328e+04 -5.5533919483e-02 1.1912162109e+04 1.1114479492e+04 1.6082262039e+01
1.2831629813e-01 1.2532039062e+04 7.4947768555e+03 7.7532615662e+00 7.7075533867e+00 1.2704829216e+01 1.1563900391e+04 1.1679579102e+04 1.1564313477e+04 -5.2817478776e-02 1.1336559570e+04 1.0505958984e+04 1.6099876404e+01
1.3326661289e-01 1.1915955078e+04 6.7885952148e+03 6.7664346695e+00 6.7269792557e+00 1.0679146767e+01 1.0938808594e+04 1.1048248047e+04 1.0939168945e+04 -4.9962021410e-02 1.0747087891e+04 9.7820253906e+03 1.8011363983e+01
1.3821691275e-01 1.1321566406e+04 5.9536328125e+03 5.8895182610e+00 5.8556804657e+00 9.8574647903e+00 1.0309996094e+04 1.0413146484e+04 1.0310309570e+04 -4.7089695930e-02 1.0159161133e+04 9.0241289062e+03 2.0424888611e+01
1.4316722751e-01 1.0758582031e+04 5.1540610352e+03 5.1383199692e+00 5.1092410088e+00 8.3345355988e+00 9.7129384766e+03 9.8101250000e+03 9.7132119141e+03 -4.4362470508e-02 9.5977812500e+03 8.3205107422e+03 2.2189727783e+01
1.4811752737e-01 1.0240101562e+04 4.5266489258e+03 4.5168151855e+00 4.4915294647e+00 7.8284306526e+00 9.1813417969e+03 9.2732089844e+03 9.1815830078e+03 -4.1934229434e-02 9.0908691406e+03 7.7441762695e+03 2.2613861084e+01
1.5306784213e-01 9.7745185547e+03 4.1465664062e+03 4.0158796310e+00 3.9934661388e+00 6.8289990425e+00 8.7346914062e+03 8.8220966797e+03 8.7349052734e+03 -3.9893977344e-02 8.6559453125e+03 7.3311025391e+03 2.1527467728e+01
1.5801815689e-01 9.3606777344e+03 4.0151367188e+03 3.6167931557e+00 3.5965063572e+00 6.6859135628e+00 8.3722705078e+03 8.4560468750e+03 8.3724628906e+03 -3.8238395005e-02 8.2920273438e+03 7.0717460938e+03 1.9207263947e+01
1.6296845675e-01 8.9915800781e+03 4.0737973633e+03 3.2952988148e+00 3.2766234875e+00 5.5447759628e+00 8.0784941406e+03 8.1593403320e+03 8.0786694336e+03 -3.6896359175e-02 7.9861948242e+03 6.9243164062e+03 1.6206289291e+01
1.6791877151e-01 8.6589531250e+03 4.2309072266e+03 3.0261907578e+00 3.0088291168e+00 5.5627841949e+00 7.8312216797e+03 7.9095917969e+03 7.8313833008e+03 -3.5766731948e-02 7.7224404297e+03 6.8344047852e+03 1.3153567314e+01
1.7286907136e-01 8.3532871094e+03 4.3882490234e+03 2.7878992558e+00 2.7717254162e+00 4.6397442818e+00 7.6061557617e+03 7.6822807617e+03 7.6063041992e+03 -3.4738585353e-02 7.4832514648e+03 6.7477651367e+03 1.0582049370e+01
1.7781938612e-01 8.0633613281e+03 4.4639140625e+03 2.5657820702e+00 2.5507876873e+00 4.6452574730e+00 7.3803603516e+03 7.4542236328e+03 7.3804970703e+03 -3.3707145602e-02 7.2496606445e+03 6.6192329102e+03 8.8179702759e+00
1.8276968598e-01 7.7800087891e+03 4.4111547852e+03 2.3525006771e+00 2.3387262821e+00 3.9113950729e+00 7.1384462891e+03 7.2098950195e+03 7.1385717773e+03 -3.2602153718e-02 7.0075048828e+03 6.4239130859e+03 7.9417686462e+00
1.8772000074e-01 7.4999936523e+03 4.2266035156e+03 2.1467306614e+00 2.1342027187e+00 3.9106180668e+00 6.8772036133e+03 6.9460356445e+03 6.8773178711e+03 -3.1408913434e-02 6.7534609375e+03 6.1635317383e+03 7.8163080215e+00
1.9267030060e-01 7.2249458008e+03 3.9433789062e+03 1.9511642456e+00 1.9398565292e+00 3.3183891773e+00 6.6035068359e+03 6.6696040039e+03 6.6036103516e+03 -3.0158843845e-02 6.4929018555e+03 5.8605009766e+03 8.1637573242e+00
1.9762061536e-01 6.9579433594e+03 3.6148435059e+03 1.7703551054e+00 1.7601840496e+00 3.2555975914e+00 6.3288408203e+03 6.3921879883e+03 6.3289350586e+03 -2.8904350474e-02 6.2339194336e+03 5.5457348633e+03 8.6613378525e+00
2.0257091522e-01 6.7023261719e+03 3.2980539551e+03 1.6084417105e+00 1.5992784500e+00 2.7895152569e+00 6.0655043945e+03 6.1262187500e+03 6.0655898438e+03 -2.7701620013e-02 5.9848720703e+03 5.2496533203e+03 9.0271778107e+00
2.0752122998e-01 6.4619204102e+03 3.0402780762e+03 1.4676573277e+00 1.4593468904e+00 2.8114891052e+00 5.8245712891e+03 5.8828735352e+03 5.8246499023e+03 -2.6601197198e-02 5.7541401367e+03 4.9966855469e+03 9.0783348083e+00
2.1247152984e-01 6.2399345703e+03 2.8689235840e+03 1.3478491306e+00 1.3402332067e+00 2.3205211163e+00 5.6132651367e+03 5.6694560547e+03 5.6133369141e+03 -2.5636089966e-02 5.5479614258e+03 4.8001416016e+03 8.7540407181e+00
2.1742184460e-01 6.0372470703e+03 2.7870302734e+03 1.2467767000e+00 1.2397171259e+00 2.4026675224e+00 5.4328281250e+03 5.4872109375e+03 5.4328940430e+03 -2.4811951444e-02 5.3678095703e+03 4.6592861328e+03 8.1051959991e+00
2.2237214446e-01 5.8521611328e+03 2.7761523438e+03 1.1607044935e+00 1.1540974379e+00 2.0476522446e+00 5.2787622070e+03 5.3316054688e+03 5.2788242188e+03 -2.4108262733e-02 5.2104731445e+03 4.5614946289e+03 7.2587575912e+00
2.2732245922e-01 5.6813579102e+03 2.8045827637e+03 1.0853506327e+00 1.0791305304e+00 2.0516724586e+00 5.1430356445e+03 5.1945195312e+03 5.1430927734e+03 -2.3488324136e-02 5.0699516602e+03 4.4876601562e+03 6.3710441589e+00
2.3227275908e-01 5.5208149414e+03 2.8371765137e+03 1.0168541670e+00 1.0109894276e+00 1.7781102657e+00 5.0164414062e+03 5.0666601562e+03 5.0164951172e+03 -2.2910112515e-02 4.9390507812e+03 4.4175932617e+03 5.5838437080e+00
2.3722307384e-01 5.3666215820e+03 2.8443032227e+03 9.5243299007e-01 9.4691592455e-01 1.8249633312e+00 4.8908076172e+03 4.9397675781e+03 4.8908579102e+03 -2.2336287424e-02 4.8109257812e+03 4.3347304688e+03 4.9927630424e+00
2.4217338860e-01 5.2159628906e+03 2.8083337402e+03 8.9050787687e-01 8.8534206152e-01 1.5423719883e+00 4.7608564453e+03 4.8085180664e+03 4.7609033203e+03 -2.1742764860e-02 4.6810131836e+03 4.2299467773e+03 4.6326208115e+00
2.4712368846e-01 5.0676284180e+03 2.7260886230e+03 8.3059358597e-01 8.2578176260e-01 1.5774403811e+00 4.6250659180e+03 4.6713671875e+03 4.6251103516e+03 -2.1122576669e-02 4.5479926758e+03 4.1028286133e+03 4.4804143906e+00
2.5207400322e-01 4.9217153320e+03 2.6069926758e+03 7.7306765318e-01 7.6860427856e-01 1.3813389540e+00 4.4850908203e+03 4.5299926758e+03 4.4851318359e+03 -2.0483290777e-02 4.4130351562e+03 3.9598088379e+03 4.4719767570e+00
2.5702431798e-01 4.7791298828e+03 2.4685158691e+03 7.1883660555e-01 7.1470481157e-01 1.3833712339e+00 4.3446074219e+03 4.3881025391e+03 4.3446459961e+03 -1.9841680303e-02 4.2786113281e+03 3.8109787598e+03 4.5252580643e+00
2.6197460294e-01 4.6413242188e+03 2.3307758789e+03 6.6885364056e-01 6.6502642632e-01 1.1808867455e+00 4.2081777344e+03 4.2503085938e+03 4.2082133789e+03 -1.9218591973e-02 4.1479218750e+03 3.6673066406e+03 4.5630006790e+00
2.6692491770e-01 4.5099379883e+03 2.2113706055e+03 6.2373155355e-01 6.2017476559e-01 1.2438466549e+00 4.0801020508e+03 4.1209497070e+03 4.0801354980e+03 -1.8633652478e-02 4.0243281250e+03 3.5381977539e+03 4.5297708511e+00
2.7187523246e-01 4.3861572266e+03 2.1213525391e+03 5.8357810974e-01 5.8025527000e-01 1.0413205624e+00 3.9632038574e+03 4.0028830566e+03 3.9632348633e+03 -1.8099766225e-02 3.9102697754e+03 3.4292297363e+03 4.4007220268e+00
2.7682554722e-01 4.2702778320e+03 2.0634143066e+03 5.4805773497e-01 5.4493516684e-01 1.0783919096e+00 3.8581818848e+03 3.8968083496e+03 3.8582109375e+03 -1.7620109022e-02 3.8064140625e+03 3.3410114746e+03 4.1815290451e+00
2.8177583218e-01 4.1617973633e+03 2.0326466064e+03 5.1650679111e-01 5.1355713606e-01 9.4324213266e-01 3.7637966309e+03 3.8014794922e+03 3.7638242188e+03 -1.7189038917e-02 3.7118012695e+03 3.2698625488e+03 3.9009556770e+00
2.8672614694e-01 4.0597246094e+03 2.0190491943e+03 4.8808115721e-01 4.8528495431e-01 9.6215194464e-01 3.6775603027e+03 3.7143793945e+03 3.6775864258e+03 -1.6795178875e-02 3.6245312500e+03 3.2096059570e+03 3.5992743969e+00
2.9167646170e-01 3.9627490234e+03 2.0106549072e+03 4.6191534400e-01 4.5926058292e-01 8.3163791895e-01 3.5963872070e+03 3.6323945312e+03 3.5964118652e+03 -1.6424449161e-02 3.5422683105e+03 3.1533686523e+03 3.3162584305e+00
2.9662677646e-01 3.8694255371e+03 1.9965626221e+03 4.3729746342e-01 4.3477806449e-01 8.6890834570e-01 3.5172646484e+03 3.5524792480e+03 3.5172878418e+03 -1.6063082963e-02 3.4626066895e+03 3.0950764160e+03 3.0817313194e+00
3.0157706141e-01 3.7785400391e+03 1.9694075928e+03 4.1377377510e-01 4.1138708591e-01 7.5168931484e-01 3.4379575195e+03 3.4723791504e+03 3.4379794922e+03 -1.5700880438e-02 3.3836191406e+03 3.0307426758e+03 2.9102952480e+00
3.0652737617e-01 3.6894438477e+03 1.9266534424e+03 3.9116200805e-01 3.8890627027e-01 7.7061384916e-01 3.3575097656e+03 3.3911254883e+03 3.3575307617e+03 -1.5333465301e-02 3.3043808594e+03 2.9592299805e+03 2.8006060123e+00
3.1147769094e-01 3.6020739746e+03 1.8704047852e+03 3.6948084831e-01 3.6735320091e-01 6.7441689968e-01 3.2762194824e+03 3.3090222168e+03 3.2762392578e+03 -1.4962212183e-02 3.2250490723e+03 2.8820947266e+03 2.7385575771e+00
3.1642800570e-01 3.5167219238e+03 1.8060174561e+03 3.4886762500e-01 3.4686291218e-01 7.0499259233e-01 3.1952268066e+03 3.2272180176e+03 3.1952453613e+03 -1.4592312276e-02 3.1464843750e+03 2.8026113281e+03 2.7029330730e+00
3.2137829065e-01 3.4338234863e+03 1.7402257080e+03 3.2949882746e-01 3.2760950923e-01 5.9276044369e-01 3.1160153809e+03 3.1472148438e+03 3.1160329590e+03 -1.4230554923e-02 3.0697946777e+03 2.7245771484e+03 2.6717035770e+00
3.2632860541e-01 3.3538623047e+03 1.6793559570e+03 3.1152820587e-01 3.0974504352e-01 6.3364839554e-01 3.0400463867e+03 3.0704841309e+03 3.0400629883e+03 -1.3883599080e-02 2.9960466309e+03 2.6513359375e+03 2.6273138523e+00
3.3127892017e-01 3.2772700195e+03 1.6279304199e+03 2.9502511024e-01 2.9333803058e-01 5.4998922348e-01 2.9684294434e+03 2.9981511230e+03 2.9684450684e+03 -1.3556525111e-02 2.9260839844e+03 2.5851281738e+03 2.5598633289e+00
3.3622923493e-01 3.2042685547e+03 1.5878404541e+03 2.7994701266e-01 2.7834624052e-01 5.5967462063e-01 2.9016662598e+03 2.9307192383e+03 2.9016811523e+03 -1.3251613826e-02 2.8603356934e+03 2.5267192383e+03 2.4678809643e+00
3.4117954969e-01 3.1347639160e+03 1.5582553711e+03 2.6614901423e-01 2.6462596655e-01 4.9513736367e-01 2.8395388184e+03 2.8679702148e+03 2.8395529785e+03 -1.2967878021e-02 2.7986896973e+03 2.4753703613e+03 2.3570077419e+00
3.4612983465e-01 3.0684072266e+03 1.5362615967e+03 2.5343146920e-01 2.5197926164e-01 5.2153217793e-01 2.7812731934e+03 2.8091208496e+03 2.7812868652e+03 -1.2701774947e-02 2.7405664062e+03 2.4292167969e+03 2.2372870445e+00
3.5108014941e-01 3.0047463379e+03 1.5179353027e+03 2.4158571661e-01 2.4019932747e-01 4.4430777431e-01 2.7258388672e+03 2.7531320801e+03 2.7258518066e+03 -1.2448606081e-02 2.6851611328e+03 2.3859250488e+03 2.1199240685e+00
3.5603046417e-01 2.9433208008e+03 1.4994178467e+03 2.3042815924e-01 2.2910414636e-01 4.6643942595e-01 2.6722119141e+03 2.6989680176e+03 2.6722241211e+03 -1.2203688733e-02 2.6316555176e+03 2.3433095703e+03 2.0143706799e+00
3.6098077893e-01 2.8836806641e+03 1.4777413330e+03 2.1981710196e-01 2.1855306625e-01 4.1704896092e-01 2.6195236816e+03 2.6457526855e+03 2.6195354004e+03 -1.1963061988e-02 2.5793281250e+03 2.2997438965e+03 1.9263762236e+00
3.6593106389e-01 2.8254570312e+03 1.4513586426e+03 2.0966595411e-01 2.0846015215e-01 4.2573961616e-01 2.5672124023e+03 2.5929172363e+03 2.5672233887e+03 -1.1724155396e-02 2.5276730957e+03 2.2544194336e+03 1.8572870493e+00
3.7088137865e-01 2.7684860840e+03 1.4203372803e+03 1.9994340837e-01 1.9879403710e-01 3.6734887958e-01 2.5151535645e+03 2.5403378906e+03 2.5151643066e+03 -1.1486404575e-02 2.4765473633e+03 2.2074665527e+03 1.8045140505e+00
3.7583169341e-01 2.7128332520e+03 1.3861044922e+03 1.9066226482e-01 1.8956713378e-01 4.0196233988e-01 2.4636420898e+03 2.4883098145e+03 2.4636520996e+03 -1.1251150630e-02 2.4261684570e+03 2.1597941895e+03 1.7628338337e+00
3.8078200817e-01 2.6586538086e+03 1.3508128662e+03 1.8185476959e-01 1.8081122637e-01 3.3735761046e-01 2.4131638184e+03 2.4373269043e+03 2.4131735840e+03 -1.1020620354e-02 2.3769008789e+03 2.1126467285e+03 1.7260661125e+00
3.8573229313e-01 2.6060634766e+03 1.3166457520e+03 1.7355141044e-01 1.7255637050e-01 3.5230612755e-01 2.3641818848e+03 2.3878542480e+03 2.3641911621e+03 -1.0796919465e-02 2.3290607910e+03 2.0671730957e+03 1.6886559725e+00
3.9068260789e-01 2.5551442871e+03 1.2853355713e+03 1.6576458514e-01 1.6481475532e-01 3.2436874509e-01 2.3170529785e+03 2.3402536621e+03 2.3170617676e+03 -1.0581685230e-02 2.2828999023e+03 2.0242248535e+03 1.6468069553e+00
3.9563292265e-01 2.5059897461e+03 1.2578984375e+03 1.5848600864e-01 1.5757806599e-01 3.2288834453e-01 2.2720246582e+03 2.2947741699e+03 2.2720327148e+03 -1.0376040824e-02 2.2386296387e+03 1.9842811279e+03 1.5990024805e+00
4.0058323741e-01 2.4586455078e+03 1.2344873047e+03 1.5168704093e-01 1.5081788599e-01 2.8346955776e-01 2.2291594238e+03 2.2514804688e+03 2.2291674805e+03 -1.0180278681e-02 2.1963291016e+03 1.9473486328e+03 1.5459132195e+00
4.0553352237e-01 2.4130302734e+03 1.2144281006e+03 1.4532215893e-01 1.4448906481e-01 3.1090164185e-01 2.1882785645e+03 2.2101899414e+03 2.1882863770e+03 -9.9935764447e-03 2.1558554688e+03 1.9129462891e+03 1.4898068905e+00
4.1048383713e-01 2.3689548340e+03 1.1965018311e+03 1.3933369517e-01 1.3853445649e-01 2.6341947913e-01 2.1490209961e+03 2.1705397949e+03 2.1490285645e+03 -9.8142903298e-03 2.1169130859e+03 1.8803002930e+03 1.4336875677e+00
4.1543415189e-01 2.3262236328e+03 1.1793648682e+03 1.3366441429e-01 1.3289725780e-01 2.7014991641e-01 2.1110019531e+03 2.1321396484e+03 2.1110090332e+03 -9.6406573430e-03 2.0792016602e+03 1.8486303711e+03 1.3804335594e+00
4.2038446665e-01 2.2846845703e+03 1.1618912354e+03 1.2826798856e-01 1.2753148377e-01 2.5497618318e-01 2.0739069824e+03 2.0946733398e+03 2.0739138184e+03 -9.4712469727e-03 2.0424783936e+03 1.8173214111e+03 1.3321437836e+00
4.2533478141e-01 2.2442153320e+03 1.1433598633e+03 1.2311370671e-01 1.2240664661e-01 2.5645652413e-01 2.0375147705e+03 2.0579167480e+03 2.0375213623e+03 -9.3050450087e-03 2.0065467529e+03 1.7859829102e+03 1.2897816896e+00
4.3028506637e-01 2.2047106934e+03 1.1235264893e+03 1.1818276346e-01 1.1750406772e-01 2.1723973751e-01 2.0016973877e+03 2.0217410889e+03 2.0017036133e+03 -9.1414703056e-03 1.9712725830e+03 1.7544812012e+03 1.2531353235e+00
4.3523538113e-01 2.1661083984e+03 1.1026107178e+03 1.1346560717e-01 1.1281418800e-01 2.4581740797e-01 1.9664414062e+03 1.9861318359e+03 1.9664475098e+03 -8.9804576710e-03 1.9366250000e+03 1.7229526367e+03 1.2210583687e+00
4.4018569589e-01 2.1284106445e+03 1.0811861572e+03 1.0896012932e-01 1.0833482444e-01 2.1310877800e-01 1.9318439941e+03 1.9511882324e+03 1.9318497314e+03 -8.8224541396e-03 1.9026762695e+03 1.6917346191e+03 1.1918966770e+00
4.4513601065e-01 2.0916691895e+03 1.0599873047e+03 1.0466992110e-01 1.0406946391e-01 2.0663133264e-01 1.8980708008e+03 1.9170769043e+03 1.8980764160e+03 -8.6682140827e-03 1.8695510254e+03 1.6612377930e+03 1.1639562845e+00
4.5008629560e-01 2.0559355469e+03 1.0396894531e+03 1.0059739649e-01 1.0002048314e-01 2.0614415407e-01 1.8652777100e+03 1.8839553223e+03 1.8652830811e+03 -8.5184508935e-03 1.8373630371e+03 1.6318135986e+03 1.1358816624e+00
4.5503661036e-01 2.0212205811e+03 1.0207384033e+03 9.6738979220e-02 9.6184283495e-02 2.0324228704e-01 1.8335482178e+03 1.8519080811e+03 1.8335533447e+03 -8.3735445514e-03 1.8061695557e+03 1.6036644287e+03 1.1068837643e+00
4.5998692513e-01 1.9874984131e+03 1.0032894287e+03 9.3084722757e-02 9.2550992966e-02 1.7261505127e-01 1.8028867188e+03 1.8209399414e+03 1.8028917236e+03 -8.2335164770e-03 1.7759682617e+03 1.5768234863e+03 1.0768020153e+00
4.6493723989e-01 1.9547392578e+03 9.8724487305e+02 8.9621268213e-02 8.9107319713e-02 1.9521504641e-01 1.7732532959e+03 1.7910095215e+03 1.7732580566e+03 -8.0981822684e-03 1.7467282715e+03 1.5511954346e+03 1.0460146666e+00
4.6988752484e-01 1.9229190674e+03 9.7232446289e+02 8.6333133280e-02 8.5837937891e-02 1.7281495035e-01 1.7445799561e+03 1.7620491943e+03 1.7445844727e+03 -7.9672336578e-03 1.7184049072e+03 1.5266041260e+03 1.0152407885e+00
4.7483783960e-01 1.8919886475e+03 9.5812963867e+02 8.3203881979e-02 8.2726523280e-02 1.6365459561e-01 1.7167601318e+03 1.7339509277e+03 1.7167646484e+03 -7.8401835635e-03 1.6909172363e+03 1.5028122559e+03 9.8529809713e-01
4.7978815436e-01 1.8618592529e+03 9.4422772217e+02 8.0216996372e-02 7.9756662250e-02 1.6613265872e-01 1.6896485596e+03 1.7065678711e+03 1.6896528320e+03 -7.7163670212e-03 1.6641394043e+03 1.4795540771e+03 9.5688563585e-01
4.8473846912e-01 1.8324429932e+03 9.3027435303e+02 7.7358543873e-02 7.6914563775e-02 1.6531033814e-01 1.6631147461e+03 1.6797683105e+03 1.6631188965e+03 -7.5951893814e-03 1.6379533691e+03 1.4566180420e+03 9.3043774366e-01
4.8968875408e-01 1.8036958008e+03 9.1610296631e+02 7.4618965387e-02 7.4190698564e-02 1.3862489164e-01 1.6370944824e+03 1.6534877930e+03 1.6370985107e+03 -7.4763577431e-03 1.6123031006e+03 1.4339146729e+03 9.0606427193e-01
4.9463906884e-01 1.7756103516e+03 9.0172552490e+02 7.1992613375e-02 7.1579448879e-02 1.5516927838e-01 1.6115845947e+03 1.6277221680e+03 1.6115885010e+03 -7.3598558083e-03 1.5871864014e+03 1.4114666748e+03 8.8357686996e-01
4.9958938360e-01 1.7481762695e+03 8.8726757812e+02 6.9475620985e-02 6.9076947868e-02 1.4664822817e-01 1.5865966797e+03 1.6024841309e+03 1.5866003418e+03 -7.2457389906e-03 1.5626075439e+03 1.3893470459e+03 8.6257874966e-01
5.0453966856e-01 1.7213677979e+03 8.7290771484e+02 6.7064948380e-02 6.6680163145e-02 1.2711368501e-01 1.5621395264e+03 1.5777822266e+03 1.5621430664e+03 -7.1340450086e-03 1.5385609131e+03 1.3676394043e+03 8.4258520603e-01
5.0949001312e-01 1.6951717529e+03 8.5884985352e+02 6.4758189023e-02 6.4386695623e-02 1.3694508374e-01 1.5382371826e+03 1.5536403809e+03 1.5382406006e+03 -7.0248856209e-03 1.5150560303e+03 1.3464401855e+03 8.2314324379e-01
5.1444029808e-01 1.6696027832e+03 8.4528778076e+02 6.2553182244e-02 6.2194377184e-02 1.3632503152e-01 1.5149334717e+03 1.5301032715e+03 1.5149367676e+03 -6.9184596650e-03 1.4921293945e+03 1.3258508301e+03 8.0392193794e-01
5.1939064264e-01 1.6446748047e+03 8.3234564209e+02 6.0447003692e-02 6.0100294650e-02 1.1278880388e-01 1.4922606201e+03 1.5072036133e+03 1.4922639160e+03 -6.8149156868e-03 1.4698094482e+03 1.3059327393e+03 7.8475821018e-01
5.2434092760e-01 1.6203702393e+03 8.2003613281e+02 5.8435000479e-02 5.8099821210e-02 1.2468944490e-01 1.4702070312e+03 1.4849290771e+03 1.4702102051e+03 -6.7141992040e-03 1.4480825195e+03 1.2866711426e+03 7.6565432549e-01
5.2929121256e-01 1.5966486816e+03 8.0827770996e+02 5.6511033326e-02 5.6186866015e-02 1.2351234257e-01 1.4487252197e+03 1.4632320557e+03 1.4487281494e+03 -6.6160941496e-03 1.4269030762e+03 1.2679929199e+03 7.4674046040e-01
5.3424155712e-01 1.5734802246e+03 7.9695172119e+02 5.4668985307e-02 5.4355360568e-02 1.0299010575e-01 1.4277705078e+03 1.4420677490e+03 1.4277733154e+03 -6.5203960985e-03 1.4062340088e+03 1.2498164062e+03 7.2821587324e-01
5.3919184208e-01 1.5508538818e+03 7.8594097900e+02 5.2903458476e-02 5.2599936724e-02 1.1273281276e-01 1.4073148193e+03 1.4214071045e+03 1.4073176270e+03 -6.4269774593e-03 1.3860567627e+03 1.2320770264e+03 7.1028542519e-01
5.4414212704e-01 1.5287528076e+03 7.7513391113e+02 5.1209341735e-02 5.0915520638e-02 1.1187913269e-01 1.3873251953e+03 1.4012174072e+03 1.3873278809e+03 -6.3356868923e-03 1.3663470459e+03 1.2147117920e+03 6.9310700893e-01
5.4909247160e-01 1.5071401367e+03 7.6443200684e+02 4.9581851810e-02 4.9297358841e-02 9.5897130668e-02 1.3677547607e+03 1.3814510498e+03 1.3677574463e+03 -6.2463111244e-03 1.3470593262e+03 1.1976535645e+03 6.7675918341e-01
5.5404275656e-01 1.4859772949e+03 7.5377832031e+02 4.8016969115e-02 4.7741454095e-02 9.8769746721e-02 1.3485626221e+03 1.3620667725e+03 1.3485650635e+03 -6.1586629599e-03 1.3281513672e+03 1.1808574219e+03 6.6123282909e-01
5.5899310112e-01 1.4652526855e+03 7.4318377686e+02 4.6511873603e-02 4.6245004982e-02 1.0692869872e-01 1.3297409668e+03 1.3430565186e+03 1.3297434082e+03 -6.0727060772e-03 1.3096154785e+03 1.1643286133e+03 6.4644598961e-01
5.6394338608e-01 1.4449742432e+03 7.3270941162e+02 4.5064684004e-02 4.4806133956e-02 8.2846127450e-02 1.3113059082e+03 1.3244371338e+03 1.3113083496e+03 -5.9885159135e-03 1.2914680176e+03 1.1481082764e+03 6.3227182627e-01
5.6889367104e-01 1.4251389160e+03 7.2242065430e+02 4.3673705310e-02 4.3423149735e-02 9.3809321523e-02 1.2932669678e+03 1.3062172852e+03 1.2932692871e+03 -5.9061339125e-03 1.2737141113e+03 1.1322297363e+03 6.1857116222e-01
5.7384401560e-01 1.4057263184e+03 7.1236334229e+02 4.2336780578e-02 4.2093906552e-02 9.4268448651e-02 1.2756142578e+03 1.2883879395e+03 1.2756165771e+03 -5.8255167678e-03 1.2563386230e+03 1.1167031250e+03 6.0522192717e-01
5.7879430056e-01 1.3867189941e+03 7.0257208252e+02 4.1051782668e-02 4.0816288441e-02 8.0475389957e-02 1.2583395996e+03 1.2709403076e+03 1.2583417969e+03 -5.7466258295e-03 1.2393295898e+03 1.1015338135e+03 5.9213960171e-01
5.8374458551e-01 1.3681179199e+03 6.9307623291e+02 3.9816826582e-02 3.9588417858e-02 7.9613961279e-02 1.2414484863e+03 1.2538801270e+03 1.2414505615e+03 -5.6694862433e-03 1.2226925049e+03 1.0867347412e+03 5.7928639650e-01
6.0806733370e-01 1.2823309326e+03 6.5009924316e+02 3.4399420023e-02 3.4202069044e-02 7.2632379830e-02 1.1636848145e+03 1.1753378906e+03 1.1636866455e+03 -5.3143496625e-03 1.1460634766e+03 1.0188629150e+03 5.2029508352e-01
7.4778264761e-01 9.2059057617e+02 4.6674429321e+02 1.6331290826e-02 1.6237601638e-02 4.0155187249e-02 8.3541992188e+02 8.4378582764e+02 8.3542083740e+02 -3.8152108900e-03 8.2273181152e+02 7.3148059082e+02 3.0351197720e-01
9.2706435919e-01 6.4895324707e+02 3.2907443237e+02 7.4911592528e-03 7.4481866322e-03 2.0136827603e-02 5.8892242432e+02 5.9481988525e+02 5.8892279053e+02 -2.6894973125e-03 5.7995288086e+02 5.1568334961e+02 1.7242777348e-01
1.1493290663e+00 4.5524465942e+02 2.3087689209e+02 3.4194320906e-03 3.3998175059e-03 1.0382141918e-02 4.1313751221e+02 4.1727471924e+02 4.1313769531e+02 -1.8867190229e-03 4.0683010864e+02 3.6177783203e+02 9.7495526075e-02
1.4248820543e+00 3.1795346069e+02 1.6126673889e+02 1.5539583983e-03 1.5450448263e-03 3.7477873266e-03 2.8854766846e+02 2.9143725586e+02 2.8854772949e+02 -1.3177405344e-03 2.8413345337e+02 2.5268699646e+02 5.4891470820e-02
1.7664991617e+00 2.2117984009e+02 1.1219325256e+02 7.0336821955e-04 6.9933373015e-04 2.2129940335e-03 2.0072581482e+02 2.0273596191e+02 2.0072586060e+02 -9.1667514062e-04 1.9764979553e+02 1.7578562927e+02 3.0784495175e-02
2.1900193691e+00 1.5330285645e+02 7.7768707275e+01 3.1720817788e-04 3.1538875191e-04 8.7445013924e-04 1.3912689209e+02 1.4052015686e+02 1.3912690735e+02 -6.3536479138e-04 1.3699166870e+02 1.2184369659e+02 1.7203586176e-02
2.7150790691e+00 1.0590494537e+02 5.3727832794e+01 1.4258167357e-04 1.4176388504e-04 1.7415298498e-04 9.6112464905e+01 9.7074974060e+01 9.6112472534e+01 -4.3892639223e-04 9.4635490417e+01 8.4174575806e+01 9.5829591155e-03
3.3660223484e+00 7.2940277100e+01 3.7006141663e+01 6.3894774939e-05 6.3528306782e-05 1.7682342150e-04 6.6196197510e+01 6.6859115601e+01 6.6196205139e+01 -3.0230474658e-04 6.5177803040e+01 5.7974998474e+01 5.3222738206e-03
4.1730298996e+00 5.0097496033e+01 2.5418058395e+01 2.8553658922e-05 2.8389897125e-05 2.4867033062e-05 4.5465660095e+01 4.5920974731e+01 4.5465663910e+01 -2.0763254724e-04 4.4765506744e+01 3.9819389343e+01 2.9479854275e-03
5.1735186577e+00 3.4320922852e+01 1.7414068222e+01 1.2727709873e-05 1.2654714737e-05 4.5328932174e-05 3.1147832870e+01 3.1459760666e+01 3.1147832870e+01 -1.4224588813e-04 3.0667751312e+01 2.7279617310e+01 1.6288724728e-03
6.4138760567e+00 2.3457767487e+01 1.1902485847e+01 5.6600615608e-06 5.6276016949e-06 1.9470291591e-05 2.1289058685e+01 2.1502258301e+01 2.1289060593e+01 -9.7222851764e-05 2.0960687637e+01 1.8644935608e+01 8.9801545255e-04
7.9516100883e+00 1.5998437881e+01 8.1176815033e+00 2.5116128199e-06 2.4972096071e-06 1.3409812709e-05 1.4519367218e+01 1.4664770126e+01 1.4519367218e+01 -6.6307024099e-05 1.4295273781e+01 1.2715645790e+01 4.9409695202e-04
9.8580179214e+00 1.0889385223e+01 5.5252628326e+00 1.1122856449e-06 1.1059075860e-06 -1.4425488359e-07 9.8826417923e+00 9.9816102982e+00 9.8826417923e+00 -4.5132033847e-05 9.7300376892e+00 8.6544351578e+00 2.7137779398e-04
1.2221487999e+01 7.3982372284e+00 3.7537117004e+00 4.9167203997e-07 4.8885300430e-07 2.0982436126e-06 6.7142319679e+00 6.7814717293e+00 6.7142319679e+00 -3.0662547942e-05 6.6105189323e+00 5.8792233467e+00 1.4882681717e-04
1.5151604652e+01 5.0177574158e+00 2.5457022190e+00 2.1696325803e-07 2.1571948139e-07 6.1132340079e-07 4.5538058281e+00 4.5994095802e+00 4.5538058281e+00 -2.0796313038e-05 4.4834542274e+00 3.9868519306e+00 8.1519763626e-05
1.8784217834e+01 3.3978211880e+00 1.7236033678e+00 9.5587132876e-08 9.5039311532e-08 -8.4145852952e-08 3.0836112499e+00 3.1144919395e+00 3.0836112499e+00 -1.4082232155e-05 3.0359797478e+00 2.6990301609e+00 4.4615364459e-05
2.3287755966e+01 2.2974588871e+00 1.1651546955e+00 4.2049322246e-08 4.1808416285e-08 -3.8177113026e-08 2.0849585533e+00 2.1058382988e+00 2.0849585533e+00 -9.5215855254e-06 2.0527706146e+00 1.8242218494e+00 2.4409775506e-05
2.8871023178e+01 1.5512955189e+00 7.8644526005e-01 1.8471533636e-08 1.8365765797e-08 -1.9847284705e-07 1.4077613354e+00 1.4218593836e+00 1.4077613354e+00 -6.4289620241e-06 1.3860527277e+00 1.2309732437e+00 1.3359935110e-05
3.5792884827e+01 1.0461152792e+00 5.3002804518e-01 8.1033073585e-09 8.0569479977e-09 3.4270770666e-09 9.4927102327e-01 9.5877742767e-01 9.4927102327e-01 -4.3351292334e-06 9.3466192484e-01 8.2929074764e-01 7.3221331149e-06
